0.367879	0.367879	0.367879	0.367879	0.367879	0.367879	0.367879	0.367879	0.367879	0.367879	0.367879	0.367879	0.367879	0.367879	0.367879	0.367879	0.367879	0.367879	0.367879	0.367879	0.367879	0.367879	0.367879	0.367879	0.367879	0.367879	0.367879	0.367879	0.367879	0.367879	0.367879	0.367879	0.367879	0.367879	0.367879	0.367879	0.367879	0.367879	0.367879	0.367879	0.367879	0.367879	0.367879	0.367879	0.367879	0.367879	0.367879	0.367879	0.367879	0.367879	0.367879	0.367879	0.367879	0.367879	0.367879	0.367879	0.367879	0.367879	0.367879	0.367879	0.367879	0.367879	0.367879	
0.367879	0.367879	0.367879	0.367879	0.367879	0.367879	0.367879	0.367879	0.367879	0.367879	0.367879	0.367879	0.367879	0.367879	0.367879	0.367879	0.367879	0.367879	0.367879	0.367879	0.367879	0.367879	0.367879	0.367879	0.367879	0.367879	0.367879	0.367879	0.367879	0.367879	0.367879	0.367879	0.367879	0.367879	0.367879	0.367879	0.367879	0.367879	0.367879	0.367879	0.367879	0.367879	0.367879	0.367879	0.367879	0.367879	0.367879	0.367879	0.367879	0.367879	0.367879	0.367879	0.367879	0.367879	0.367879	0.367879	0.367879	0.367879	0.367879	0.367879	0.367879	0.367879	0.367879	
0.367879	0.367879	0.367879	0.367879	0.367879	0.367879	0.367879	0.367879	0.367879	0.367879	0.367879	0.367879	0.367879	0.367879	0.367879	0.367879	0.39688	0.39688	0.39688	0.39688	0.39688	0.39688	0.39688	0.39688	0.39688	0.39688	0.39688	0.39688	0.39688	0.39688	0.39688	0.39688	0.39688	0.39688	0.39688	0.39688	0.39688	0.39688	0.39688	0.39688	0.39688	0.39688	0.39688	0.39688	0.39688	0.39688	0.39688	0.39688	0.39688	0.39688	0.39688	0.39688	0.39688	0.367879	0.367879	0.367879	0.367879	0.367879	0.367879	0.367879	0.367879	0.367879	0.367879	
0.367879	0.367879	0.367879	0.367879	0.367879	0.367879	0.367879	0.367879	0.367879	0.367879	0.367879	0.367879	0.367879	0.367879	0.367879	0.367879	0.39688	0.39688	0.39688	0.39688	0.39688	0.39688	0.39688	0.39688	0.39688	0.39688	0.39688	0.39688	0.39688	0.39688	0.39688	0.39688	0.39688	0.39688	0.39688	0.39688	0.39688	0.39688	0.39688	0.39688	0.39688	0.39688	0.39688	0.39688	0.39688	0.39688	0.39688	0.39688	0.39688	0.39688	0.39688	0.39688	0.39688	0.367879	0.367879	0.367879	0.367879	0.367879	0.367879	0.367879	0.367879	0.367879	0.367879	
0.367879	0.367879	0.367879	0.367879	0.367879	0.367879	0.367879	0.367879	0.367879	0.367879	0.367879	0.367879	0.367879	0.367879	0.367879	0.367879	0.39688	0.39688	0.39688	0.39688	0.39688	0.39688	0.39688	0.39688	0.39688	0.39688	0.39688	0.39688	0.39688	0.39688	0.39688	0.39688	0.39688	0.39688	0.39688	0.39688	0.39688	0.39688	0.39688	0.39688	0.39688	0.39688	0.39688	0.39688	0.39688	0.39688	0.39688	0.39688	0.39688	0.39688	0.39688	0.39688	0.39688	0.367879	0.367879	0.367879	0.367879	0.367879	0.367879	0.367879	0.367879	0.367879	0.367879	
0.367879	0.367879	0.367879	0.367879	0.367879	0.367879	0.367879	0.367879	0.367879	0.367879	0.367879	0.367879	0.367879	0.367879	0.367879	0.367879	0.430421	0.430421	0.430421	0.430421	0.430421	0.430421	0.430421	0.430421	0.430421	0.430421	0.430421	0.430421	0.430421	0.430421	0.430421	0.430421	0.430421	0.430421	0.430421	0.430421	0.430421	0.430421	0.430421	0.430421	0.430421	0.430421	0.430421	0.430421	0.430421	0.430421	0.430421	0.430421	0.430421	0.430421	0.430421	0.430421	0.430421	0.367879	0.367879	0.367879	0.367879	0.367879	0.367879	0.367879	0.367879	0.367879	0.367879	
0.367879	0.367879	0.367879	0.367879	0.367879	0.367879	0.367879	0.367879	0.367879	0.367879	0.367879	0.367879	0.367879	0.367879	0.367879	0.367879	0.430421	0.430421	0.430421	0.430421	0.430421	0.430421	0.430421	0.430421	0.430421	0.430421	0.430421	0.430421	0.430421	0.430421	0.430421	0.430421	0.430421	0.430421	0.430421	0.430421	0.430421	0.430421	0.430421	0.430421	0.430421	0.430421	0.430421	0.430421	0.430421	0.430421	0.430421	0.430421	0.430421	0.430421	0.430421	0.430421	0.430421	0.367879	0.367879	0.367879	0.367879	0.367879	0.367879	0.367879	0.367879	0.367879	0.367879	
0.367879	0.367879	0.367879	0.367879	0.367879	0.367879	0.367879	0.367879	0.367879	0.367879	0.367879	0.367879	0.367879	0.367879	0.367879	0.367879	0.430421	0.430421	0.430421	0.430421	0.430421	0.430421	0.430421	0.430421	0.430421	0.430421	0.430421	0.430421	0.430421	0.430421	0.430421	0.430421	0.430421	0.430421	0.430421	0.430421	0.430421	0.430421	0.430421	0.430421	0.430421	0.430421	0.430421	0.430421	0.430421	0.430421	0.430421	0.430421	0.430421	0.430421	0.430421	0.430421	0.430421	0.367879	0.367879	0.367879	0.367879	0.367879	0.367879	0.367879	0.367879	0.367879	0.367879	
0.367879	0.367879	0.367879	0.367879	0.367879	0.367879	0.367879	0.367879	0.367879	0.367879	0.367879	0.367879	0.367879	0.367879	0.367879	0.367879	0.430421	0.430421	0.430421	0.430421	0.430421	0.430421	0.430421	0.430421	0.430421	0.430421	0.430421	0.430421	0.430421	0.430421	0.430421	0.430421	0.430421	0.430421	0.430421	0.430421	0.430421	0.430421	0.430421	0.430421	0.430421	0.430421	0.430421	0.430421	0.430421	0.430421	0.430421	0.430421	0.430421	0.430421	0.430421	0.430421	0.430421	0.367879	0.367879	0.367879	0.367879	0.367879	0.367879	0.367879	0.367879	0.367879	0.367879	
0.367879	0.367879	0.367879	0.367879	0.367879	0.367879	0.367879	0.367879	0.367879	0.367879	0.367879	0.367879	0.367879	0.367879	0.367879	0.367879	0.430421	0.430421	0.430421	0.430421	0.430421	0.430421	0.430421	0.430421	0.430421	0.430421	0.430421	0.430421	0.430421	0.430421	0.430421	0.430421	0.430421	0.430421	0.430421	0.430421	0.430421	0.430421	0.430421	0.430421	0.430421	0.430421	0.430421	0.430421	0.430421	0.430421	0.430421	0.430421	0.430421	0.430421	0.430421	0.430421	0.430421	0.367879	0.367879	0.367879	0.367879	0.367879	0.367879	0.367879	0.367879	0.367879	0.367879	
0.386033	0.386033	0.386033	0.386033	0.386033	0.386033	0.386033	0.386033	0.386033	0.386033	0.386033	0.386033	0.386033	0.386033	0.386033	0.386033	0.45166	0.45166	0.45166	0.45166	0.45166	0.45166	0.45166	0.45166	0.45166	0.45166	0.45166	0.45166	0.45166	0.45166	0.45166	0.45166	0.45166	0.45166	0.45166	0.45166	0.45166	0.45166	0.45166	0.45166	0.45166	0.45166	0.45166	0.45166	0.45166	0.45166	0.45166	0.45166	0.45166	0.45166	0.45166	0.45166	0.45166	0.386033	0.386033	0.386033	0.386033	0.367879	0.367879	0.367879	0.367879	0.367879	0.367879	
0.386033	0.386033	0.386033	0.386033	0.386033	0.386033	0.386033	0.386033	0.386033	0.386033	0.386033	0.386033	0.386033	0.386033	0.386033	0.386033	0.45166	0.45166	0.45166	0.45166	0.45166	0.45166	0.45166	0.45166	0.45166	0.45166	0.45166	0.45166	0.45166	0.45166	0.45166	0.45166	0.45166	0.45166	0.45166	0.45166	0.45166	0.45166	0.45166	0.45166	0.45166	0.45166	0.45166	0.45166	0.45166	0.45166	0.45166	0.45166	0.45166	0.45166	0.45166	0.45166	0.45166	0.386033	0.386033	0.386033	0.386033	0.367879	0.367879	0.367879	0.367879	0.367879	0.367879	
0.386033	0.386033	0.386033	0.386033	0.386033	0.386033	0.386033	0.386033	0.386033	0.386033	0.386033	0.386033	0.386033	0.386033	0.386033	0.386033	0.45166	0.45166	0.45166	0.45166	0.45166	0.45166	0.45166	0.45166	0.45166	0.45166	0.45166	0.45166	0.45166	0.45166	0.45166	0.45166	0.45166	0.45166	0.45166	0.45166	0.45166	0.45166	0.45166	0.45166	0.45166	0.45166	0.45166	0.45166	0.45166	0.45166	0.45166	0.45166	0.45166	0.45166	0.45166	0.45166	0.45166	0.386033	0.386033	0.386033	0.386033	0.367879	0.367879	0.367879	0.367879	0.367879	0.367879	
0.386033	0.386033	0.386033	0.386033	0.386033	0.386033	0.386033	0.386033	0.386033	0.386033	0.386033	0.386033	0.386033	0.386033	0.386033	0.386033	0.45166	0.45166	0.45166	0.45166	0.45166	0.45166	0.45166	0.45166	0.45166	0.45166	0.45166	0.45166	0.45166	0.45166	0.45166	0.45166	0.45166	0.45166	0.45166	0.45166	0.45166	0.45166	0.45166	0.45166	0.45166	0.45166	0.45166	0.45166	0.45166	0.45166	0.45166	0.45166	0.45166	0.45166	0.45166	0.45166	0.45166	0.386033	0.386033	0.386033	0.386033	0.367879	0.367879	0.367879	0.367879	0.367879	0.367879	
0.386033	0.386033	0.386033	0.386033	0.386033	0.386033	0.386033	0.386033	0.386033	0.386033	0.386033	0.386033	0.386033	0.386033	0.386033	0.386033	0.45166	0.45166	0.45166	0.45166	0.45166	0.45166	0.45166	0.45166	0.45166	0.45166	0.45166	0.45166	0.45166	0.45166	0.45166	0.45166	0.45166	0.45166	0.45166	0.45166	0.45166	0.45166	0.45166	0.45166	0.45166	0.45166	0.45166	0.45166	0.45166	0.45166	0.45166	0.45166	0.45166	0.45166	0.45166	0.45166	0.45166	0.386033	0.386033	0.386033	0.386033	0.367879	0.367879	0.367879	0.367879	0.367879	0.367879	
0.386033	0.386033	0.386033	0.386033	0.386033	0.386033	0.386033	0.386033	0.386033	0.386033	0.386033	0.386033	0.386033	0.386033	0.386033	0.386033	0.45166	0.45166	0.45166	0.45166	0.45166	0.45166	0.45166	0.45166	0.45166	0.45166	0.45166	0.45166	0.45166	0.45166	0.45166	0.45166	0.45166	0.45166	0.45166	0.45166	0.45166	0.45166	0.45166	0.45166	0.45166	0.45166	1.7466	1.7466	0.661845	0.661845	0.661845	0.661845	0.661845	0.661845	0.661845	0.661845	0.661845	0.565677	0.565677	0.565677	0.386033	0.367879	0.367879	0.367879	0.367879	0.367879	0.367879	
0.386033	0.386033	0.386033	0.386033	0.386033	0.386033	0.386033	0.386033	0.386033	0.386033	0.386033	0.386033	0.386033	0.386033	0.386033	0.386033	0.45166	0.45166	0.45166	0.45166	0.45166	0.581875	0.581875	0.581875	0.581875	0.581875	0.581875	0.581875	0.45166	0.45166	0.45166	0.45166	0.45166	0.45166	0.45166	0.45166	0.45166	0.45166	0.45166	0.45166	1.26071	1.26071	4.87523	1.7466	0.661845	0.661845	0.661845	0.661845	0.661845	0.661845	0.661845	0.661845	0.661845	0.565677	0.565677	0.565677	0.386033	0.367879	0.367879	0.367879	0.367879	0.367879	0.367879	
0.386033	0.386033	0.386033	0.386033	0.386033	0.386033	0.386033	0.386033	0.386033	0.386033	0.386033	0.386033	0.386033	0.386033	0.386033	0.386033	0.541319	0.541319	0.541319	0.541319	0.541319	0.697383	0.697383	0.697383	0.697383	0.697383	0.697383	0.697383	0.541319	0.541319	0.541319	0.541319	0.541319	0.541319	0.541319	0.541319	0.541319	0.541319	0.541319	0.541319	1.51097	1.51097	5.84301	1.7466	0.661845	0.661845	0.661845	0.661845	0.661845	0.661845	0.661845	0.661845	0.661845	0.565677	0.565677	0.565677	0.386033	0.367879	0.367879	0.367879	0.367879	0.367879	0.367879	
0.386033	0.386033	0.386033	0.386033	0.386033	0.386033	0.386033	0.386033	0.386033	0.386033	0.386033	0.386033	0.386033	0.386033	0.386033	0.386033	0.655425	0.655425	0.655425	0.655425	0.655425	0.844386	0.844386	0.844386	0.844386	0.844386	0.844386	0.844386	0.655425	0.655425	0.655425	0.655425	0.655425	0.655425	0.655425	0.655425	0.655425	0.655425	0.655425	0.655425	1.51097	1.51097	1.51097	0.45166	0.661845	0.661845	0.661845	0.661845	0.661845	0.661845	0.661845	0.661845	0.661845	0.565677	0.565677	0.565677	0.386033	0.367879	0.367879	0.367879	0.367879	0.367879	0.367879	
0.386033	0.386033	0.386033	0.386033	0.386033	0.386033	0.386033	0.456526	0.456526	0.456526	0.456526	0.456526	0.456526	0.456526	0.456526	0.456526	0.775111	0.775111	0.775111	0.775111	0.775111	0.998577	0.998577	0.998577	0.998577	0.998577	0.998577	0.998577	0.775111	0.775111	0.775111	0.775111	0.775111	0.775111	0.775111	0.775111	0.775111	0.775111	0.775111	0.775111	0.640169	0.640169	0.640169	0.534137	0.782703	0.782703	0.782703	0.782703	0.782703	0.782703	0.782703	0.782703	0.782703	0.565677	0.565677	0.565677	0.386033	0.367879	0.367879	0.367879	0.367879	0.367879	0.367879	
0.386033	0.386033	0.386033	0.386033	0.386033	0.386033	0.386033	0.456526	0.456526	0.456526	0.456526	0.456526	0.456526	0.509509	0.509509	0.509509	0.86507	0.86507	0.86507	0.86507	0.86507	1.11447	1.11447	1.11447	1.11447	1.11447	1.11447	1.11447	0.86507	0.775111	0.775111	0.775111	0.775111	0.775111	0.775111	0.775111	0.775111	0.775111	0.775111	0.775111	0.640169	0.640169	0.640169	0.534137	0.534137	0.534137	0.534137	0.534137	0.534137	0.534137	0.534137	0.534137	0.534137	0.386033	0.386033	0.386033	0.386033	0.367879	0.367879	0.367879	0.367879	0.367879	0.367879	
0.386033	0.386033	0.386033	0.386033	0.386033	0.386033	0.386033	144.289	0.456526	0.456526	0.456526	0.456526	0.456526	0.509509	0.509509	0.509509	0.86507	0.86507	0.86507	0.86507	0.86507	1.11447	1.11447	1.11447	1.11447	1.11447	1.11447	1.11447	0.86507	0.775111	0.775111	0.775111	0.775111	0.775111	0.775111	0.775111	0.775111	0.775111	0.775111	0.775111	0.640169	0.640169	0.640169	0.534137	0.534137	0.534137	0.534137	0.534137	0.534137	0.534137	0.534137	0.534137	0.534137	0.386033	0.386033	0.386033	0.386033	0.367879	0.367879	0.367879	0.367879	0.367879	0.367879	
0.386033	0.386033	0.386033	0.386033	0.386033	0.386033	0.386033	2181.45	0.456526	0.456526	0.456526	0.456526	0.456526	0.509509	0.509509	0.509509	0.86507	0.86507	0.86507	0.86507	0.86507	1.11447	1.11447	1.11447	1.11447	1.11447	1.11447	1.11447	0.86507	0.775111	0.775111	0.775111	0.775111	0.775111	0.775111	0.775111	0.775111	0.775111	0.775111	0.775111	0.640169	0.640169	0.640169	0.534137	0.534137	0.534137	0.534137	0.534137	0.534137	0.534137	0.534137	0.534137	0.534137	0.386033	0.386033	0.386033	0.386033	0.367879	0.367879	0.367879	0.367879	0.367879	0.367879	
0.386033	0.386033	0.386033	0.386033	0.386033	0.386033	0.386033	2181.45	0.456526	0.456526	0.456526	0.456526	0.456526	0.509509	0.509509	0.509509	0.86507	0.86507	0.86507	0.86507	0.86507	1.11447	1.11447	1.11447	1.11447	1.11447	1.11447	1.11447	0.86507	0.775111	0.775111	0.775111	0.775111	0.775111	0.775111	0.775111	0.775111	0.775111	0.775111	0.775111	0.640169	0.640169	0.640169	0.534137	0.534137	0.534137	0.534137	0.534137	0.534137	0.534137	0.534137	0.534137	0.534137	0.386033	0.386033	0.386033	0.386033	0.367879	0.367879	0.367879	0.367879	0.367879	0.367879	
0.386033	0.386033	0.386033	0.386033	0.386033	0.386033	0.386033	2797.98	0.585552	0.585552	0.585552	0.585552	0.585552	0.65351	0.65351	0.65351	0.948339	0.948339	0.948339	0.948339	0.948339	1.22175	0.952535	0.952535	0.952535	0.952535	0.952535	0.952535	0.739372	0.662485	0.662485	0.662485	0.662485	0.662485	0.662485	0.662485	0.662485	0.662485	0.662485	0.662485	0.54715	0.54715	0.54715	0.456526	0.456526	0.456526	0.456526	0.456526	0.456526	0.456526	0.456526	0.456526	0.456526	0.386033	0.386033	0.386033	0.386033	0.367879	0.367879	0.367879	0.367879	0.367879	0.367879	
0.386033	0.386033	0.386033	0.386033	0.386033	0.386033	0.386033	185.069	0.585552	0.585552	0.585552	0.585552	0.585552	0.65351	0.65351	0.65351	0.791265	0.791265	0.791265	0.791265	0.791265	1.01939	0.794766	0.794766	0.794766	0.794766	0.794766	0.794766	0.61691	0.552758	0.552758	0.552758	0.552758	0.552758	0.552758	0.552758	0.552758	0.552758	0.552758	0.552758	0.456526	0.456526	0.456526	0.456526	0.456526	0.456526	0.456526	0.456526	0.456526	0.456526	0.456526	0.456526	0.456526	0.386033	0.386033	0.386033	0.386033	0.367879	0.367879	0.367879	0.367879	0.367879	0.367879	
0.386033	0.386033	0.386033	0.386033	0.386033	0.386033	0.386033	185.069	0.585552	0.585552	0.585552	0.585552	0.585552	0.65351	0.719678	0.719678	0.719678	0.719678	0.719678	0.719678	0.719678	0.927162	0.722862	0.722862	0.722862	0.722862	0.722862	0.722862	0.561097	0.502749	0.502749	0.502749	0.502749	0.502749	0.502749	0.502749	0.456526	0.456526	0.456526	0.456526	0.456526	0.456526	0.456526	0.456526	0.456526	0.456526	0.456526	0.456526	0.456526	0.456526	0.456526	0.456526	0.456526	0.386033	0.386033	0.386033	0.386033	0.367879	0.367879	0.367879	0.367879	0.367879	0.367879	
0.386033	0.386033	0.386033	0.386033	0.386033	0.386033	0.386033	156.492	0.495136	0.495136	0.495136	0.495136	0.495136	0.552601	0.608552	0.608552	0.673294	0.673294	0.673294	0.673294	0.673294	0.867406	0.676273	0.676273	0.676273	0.676273	0.676273	0.676273	0.524934	0.470346	0.470346	0.470346	0.470346	0.470346	0.470346	0.470346	0.427102	0.427102	0.427102	0.427102	0.427102	0.427102	0.427102	0.386033	0.386033	0.386033	0.386033	0.386033	0.386033	0.386033	0.386033	0.386033	0.386033	0.386033	0.386033	0.386033	0.386033	0.367879	0.367879	0.367879	0.367879	0.367879	0.367879	
0.386033	0.386033	0.386033	0.386033	0.386033	0.386033	0.386033	0.53612	0.53612	0.53612	0.53612	0.53612	0.53612	0.598341	0.658924	0.658924	0.910319	0.910319	0.910319	0.910319	0.910319	1.17277	0.914347	0.914347	0.914347	0.914347	0.914347	0.914347	0.70973	0.635926	0.635926	0.635926	0.635926	0.635926	0.635926	0.635926	0.577458	0.577458	0.514856	0.514856	0.462455	0.462455	0.462455	0.417986	0.417986	0.417986	0.417986	0.417986	0.417986	0.417986	0.417986	0.417986	0.417986	0.417986	0.417986	0.417986	0.417986	0.367879	0.367879	0.367879	0.367879	0.367879	0.367879	
0.386033	0.386033	0.497464	0.497464	0.497464	0.715589	0.715589	0.993806	2.21636	5.65296	5.20099	1.10005	1.10005	1.22772	0.983464	0.983464	1.02654	1.02654	1.02654	1.02654	1.02654	1.02654	0.800339	0.800339	0.800339	0.800339	0.800339	0.800339	0.800339	0.717112	0.717112	0.717112	0.717112	0.717112	0.717112	0.635926	0.577458	0.577458	0.514856	0.514856	0.462455	0.462455	0.462455	0.417986	0.417986	0.417986	0.417986	0.417986	0.417986	0.417986	0.417986	0.417986	0.417986	0.417986	0.417986	0.417986	0.417986	0.367879	0.367879	0.367879	0.367879	0.367879	0.367879	
0.386033	0.386033	0.497464	0.497464	0.497464	0.715589	0.715589	0.993806	2.21636	5.65296	5.20099	1.10005	1.10005	1.22772	0.983464	0.983464	1.02654	1.02654	1.02654	1.02654	1.02654	1.02654	0.800339	0.800339	0.800339	0.800339	0.800339	0.800339	0.800339	0.717112	0.717112	0.717112	0.717112	0.717112	0.717112	0.635926	0.577458	0.577458	0.514856	0.514856	0.462455	0.462455	0.462455	0.417986	0.417986	0.417986	0.417986	0.417986	0.417986	0.417986	0.417986	0.417986	0.417986	0.417986	0.417986	0.417986	0.417986	0.367879	0.367879	0.367879	0.367879	0.367879	0.367879	
0.386033	0.386033	0.497464	0.497464	0.497464	0.715589	0.715589	0.774821	1.72799	4.40733	4.05495	0.857652	0.857652	0.95719	0.766758	0.766758	0.800339	0.800339	0.800339	0.800339	0.800339	0.800339	0.800339	0.800339	0.800339	0.800339	0.800339	0.800339	0.800339	0.717112	0.717112	0.717112	0.717112	0.717112	0.717112	0.635926	0.577458	0.577458	0.514856	0.514856	0.462455	0.462455	0.462455	0.417986	0.417986	0.417986	0.417986	0.417986	0.417986	0.417986	0.417986	0.417986	0.417986	0.417986	0.417986	0.417986	0.417986	0.367879	0.367879	0.367879	0.367879	0.367879	0.367879	
0.386033	0.386033	0.497464	0.497464	0.497464	0.715589	0.715589	0.774821	1.72799	4.40733	4.05495	0.857652	0.857652	0.95719	0.766758	0.766758	0.800339	0.800339	0.800339	0.800339	0.800339	0.800339	0.800339	0.800339	0.800339	0.800339	0.800339	0.800339	0.800339	0.717112	0.717112	0.717112	0.717112	0.717112	0.717112	0.635926	0.577458	0.577458	0.514856	0.514856	0.462455	0.462455	0.462455	0.417986	0.417986	0.417986	0.417986	0.417986	0.417986	0.417986	0.417986	0.417986	0.417986	0.417986	0.417986	0.417986	0.417986	0.367879	0.367879	0.367879	0.367879	0.367879	0.367879	
0.386033	0.386033	0.497464	0.497464	0.497464	0.715589	0.715589	0.774821	1.72799	4.40733	4.05495	0.857652	0.857652	0.95719	0.766758	0.766758	0.800339	0.800339	0.800339	0.800339	0.800339	0.800339	0.800339	0.800339	0.800339	0.800339	0.800339	0.800339	0.800339	0.717112	0.717112	0.717112	0.717112	0.717112	0.717112	0.635926	0.577458	0.577458	0.514856	0.514856	0.462455	0.462455	0.462455	0.417986	0.417986	0.417986	0.417986	0.417986	0.417986	0.417986	0.417986	0.417986	0.417986	0.417986	0.417986	0.417986	0.417986	0.367879	0.367879	0.367879	0.367879	0.367879	0.367879	
0.386033	0.386033	0.497464	0.497464	0.497464	0.715589	0.715589	0.774821	1.72799	4.40733	4.05495	0.857652	0.857652	0.95719	0.766758	0.766758	0.800339	0.800339	0.800339	0.800339	0.800339	0.800339	0.800339	0.800339	0.800339	0.800339	0.800339	0.800339	0.800339	0.717112	0.717112	0.717112	0.717112	0.717112	0.717112	0.635926	0.577458	0.577458	0.514856	0.514856	0.462455	0.462455	0.462455	0.417986	0.417986	0.417986	0.417986	0.417986	0.417986	0.417986	0.417986	0.417986	0.417986	0.417986	0.417986	0.417986	0.417986	0.367879	0.367879	0.367879	0.367879	0.367879	0.367879	
0.386033	0.386033	0.497464	0.497464	0.497464	0.715589	0.715589	0.774821	1.72799	4.40733	4.05495	0.857652	0.857652	0.95719	0.766758	0.766758	0.800339	0.800339	0.800339	0.800339	0.800339	0.800339	0.800339	0.800339	0.800339	0.800339	0.800339	0.800339	0.800339	0.717112	0.717112	0.717112	0.717112	0.717112	0.717112	0.635926	0.577458	0.577458	0.514856	0.514856	0.462455	0.462455	0.462455	0.417986	0.417986	0.417986	0.417986	0.417986	0.417986	0.417986	0.417986	0.417986	0.417986	0.417986	0.417986	0.417986	0.417986	0.367879	0.367879	0.367879	0.367879	0.367879	0.367879	
0.386033	0.386033	0.497464	0.497464	0.497464	0.715589	0.715589	0.774821	1.72799	4.40733	4.05495	0.857652	0.857652	0.95719	0.766758	0.766758	0.800339	0.800339	0.800339	0.800339	0.800339	0.800339	0.800339	0.800339	0.800339	0.800339	0.800339	0.800339	0.800339	0.717112	0.717112	0.717112	0.717112	0.717112	0.717112	0.635926	0.577458	0.577458	0.514856	0.514856	0.462455	0.462455	0.462455	0.417986	0.417986	0.417986	0.417986	0.417986	0.417986	0.417986	0.417986	0.417986	0.417986	0.417986	0.417986	0.417986	0.417986	0.367879	0.367879	0.367879	0.367879	0.367879	0.367879	
0.386033	0.386033	0.497464	0.497464	0.497464	0.715589	0.715589	0.774821	1.72799	4.40733	4.05495	0.857652	0.857652	0.95719	0.766758	0.766758	0.800339	0.800339	0.800339	0.800339	0.800339	0.800339	0.800339	0.800339	0.800339	0.800339	0.800339	0.800339	0.800339	0.717112	0.717112	0.717112	0.717112	0.717112	0.717112	0.635926	0.577458	0.577458	0.514856	0.514856	0.462455	0.462455	0.462455	0.417986	0.417986	0.417986	0.417986	0.417986	0.417986	0.417986	0.417986	0.417986	0.417986	0.417986	0.417986	0.417986	0.417986	0.367879	0.367879	0.367879	0.367879	0.367879	0.367879	
0.386033	0.386033	0.497464	0.497464	0.497464	0.715589	0.715589	0.774821	1.72799	4.40733	4.05495	0.857652	0.857652	0.95719	0.766758	0.766758	0.800339	0.800339	0.800339	0.800339	0.800339	0.800339	0.800339	0.800339	0.800339	0.800339	0.800339	0.800339	0.800339	0.717112	0.717112	0.717112	0.717112	0.717112	0.717112	0.635926	0.577458	0.577458	0.514856	0.514856	0.462455	0.462455	0.462455	0.417986	0.417986	0.417986	0.417986	0.417986	0.417986	0.417986	0.417986	0.417986	0.417986	0.417986	0.417986	0.417986	0.417986	0.367879	0.367879	0.367879	0.367879	0.367879	0.367879	
0.386033	0.386033	0.497464	0.497464	0.497464	0.715589	0.715589	0.774821	1.72799	4.40733	4.05495	0.857652	0.857652	0.95719	0.766758	0.766758	0.800339	0.800339	0.800339	0.800339	0.800339	0.800339	0.800339	0.800339	0.800339	0.800339	0.800339	0.800339	0.800339	0.717112	0.717112	0.717112	0.717112	0.717112	0.717112	0.635926	0.577458	0.577458	0.514856	0.514856	0.462455	0.462455	0.462455	0.417986	0.417986	0.417986	0.417986	0.417986	0.417986	0.417986	0.417986	0.417986	0.417986	0.417986	0.417986	0.417986	0.417986	0.367879	0.367879	0.367879	0.367879	0.367879	0.367879	
0.386033	0.386033	0.497464	0.497464	0.497464	0.715589	0.715589	0.774821	1.72799	4.40733	4.05495	0.857652	0.857652	0.95719	0.766758	0.766758	0.800339	0.800339	0.800339	0.800339	0.800339	0.800339	0.800339	0.800339	0.800339	0.800339	0.800339	0.800339	0.800339	0.717112	0.717112	0.717112	0.717112	0.717112	0.717112	0.635926	0.577458	0.577458	0.514856	0.514856	0.462455	0.462455	0.462455	0.417986	0.417986	0.417986	0.417986	0.417986	0.417986	0.417986	0.417986	0.417986	0.417986	0.417986	0.417986	0.417986	0.417986	0.367879	0.367879	0.367879	0.367879	0.367879	0.367879	
0.386033	0.386033	0.497464	0.497464	0.497464	0.715589	0.715589	0.774821	1.72799	4.40733	4.05495	0.857652	0.857652	0.95719	0.766758	0.766758	0.800339	0.800339	0.800339	0.800339	0.800339	0.800339	0.800339	0.800339	0.800339	0.800339	0.800339	0.800339	0.800339	0.717112	0.717112	0.717112	0.717112	0.717112	0.717112	0.635926	0.577458	0.577458	0.514856	0.514856	0.462455	0.462455	0.462455	0.417986	0.417986	0.417986	0.417986	0.417986	0.417986	0.417986	0.417986	0.417986	0.417986	0.417986	0.417986	0.417986	0.417986	0.367879	0.367879	0.367879	0.367879	0.367879	0.367879	
0.386033	0.386033	0.497464	0.497464	0.497464	0.715589	0.715589	0.774821	1.72799	4.40733	4.05495	0.857652	0.857652	0.95719	0.766758	0.766758	0.800339	0.800339	0.800339	0.800339	0.800339	0.800339	0.800339	0.800339	0.800339	0.800339	0.800339	0.800339	0.800339	0.717112	0.717112	0.717112	0.717112	0.717112	0.717112	0.635926	0.577458	0.577458	0.514856	0.514856	0.462455	0.462455	0.462455	0.417986	0.417986	0.417986	0.417986	0.417986	0.417986	0.417986	0.417986	0.417986	0.417986	0.417986	0.417986	0.417986	0.417986	0.367879	0.367879	0.367879	0.367879	0.367879	0.367879	
0.386033	0.386033	0.497464	0.497464	0.497464	0.715589	0.715589	0.774821	1.72799	4.40733	4.05495	0.857652	0.857652	0.95719	0.766758	0.766758	0.800339	0.800339	0.800339	0.800339	0.800339	0.800339	0.800339	0.800339	0.800339	0.800339	0.800339	0.800339	0.800339	0.717112	0.717112	0.717112	0.717112	0.717112	0.717112	0.635926	0.577458	0.577458	0.514856	0.514856	0.462455	0.462455	0.462455	0.417986	0.417986	0.417986	0.417986	0.417986	0.417986	0.417986	0.417986	0.417986	0.417986	0.417986	0.417986	0.417986	0.417986	0.367879	0.367879	0.367879	0.367879	0.367879	0.367879	
0.367879	0.367879	0.367879	0.367879	0.367879	0.367879	0.367879	0.39833	0.39833	0.39833	0.39833	0.39833	0.39833	0.44456	0.489572	0.489572	0.489572	0.489572	0.489572	0.489572	0.489572	0.489572	0.489572	0.489572	0.489572	0.489572	0.489572	0.489572	0.489572	0.438661	0.438661	0.438661	0.438661	0.438661	0.438661	0.438661	0.39833	0.39833	0.39833	0.39833	0.39833	0.39833	0.39833	0.39833	0.39833	0.39833	0.39833	0.39833	0.39833	0.39833	0.39833	0.39833	0.39833	0.39833	0.39833	0.39833	0.39833	0.367879	0.367879	0.367879	0.367879	0.367879	0.367879	
0.367879	0.367879	0.367879	0.367879	0.367879	0.367879	0.367879	0.39833	0.39833	0.39833	0.39833	0.39833	0.39833	0.44456	0.489572	0.489572	0.489572	0.489572	0.489572	0.489572	0.489572	0.489572	0.489572	0.489572	0.489572	0.489572	0.489572	0.489572	0.489572	0.438661	0.438661	0.438661	0.438661	0.438661	0.438661	0.438661	0.39833	0.39833	0.39833	0.39833	0.39833	0.39833	0.39833	0.39833	0.39833	0.39833	0.39833	0.39833	0.39833	0.39833	0.39833	0.39833	0.39833	0.39833	0.39833	0.39833	0.39833	0.367879	0.367879	0.367879	0.367879	0.367879	0.367879	
0.367879	0.367879	0.367879	0.367879	0.367879	0.367879	0.367879	0.367879	0.367879	0.367879	0.367879	0.367879	0.367879	0.367879	0.405127	0.405127	0.405127	0.405127	0.405127	0.405127	0.405127	0.405127	0.405127	0.405127	0.405127	0.405127	0.405127	0.405127	0.405127	0.405127	0.405127	0.405127	0.405127	0.405127	0.405127	0.405127	0.367879	0.367879	0.367879	0.367879	0.367879	0.367879	0.367879	0.367879	0.367879	0.367879	0.367879	0.367879	0.367879	0.367879	0.367879	0.367879	0.367879	0.367879	0.367879	0.367879	0.367879	0.367879	0.367879	0.367879	0.367879	0.367879	0.367879	
0.367879	0.367879	0.367879	0.367879	0.367879	0.367879	0.367879	0.367879	0.367879	0.367879	0.367879	0.367879	0.367879	0.367879	0.367879	0.367879	0.367879	0.367879	0.367879	0.367879	0.367879	0.367879	0.367879	0.367879	0.367879	0.367879	0.367879	0.367879	0.367879	0.367879	0.367879	0.367879	0.367879	0.367879	0.367879	0.367879	0.367879	0.367879	0.367879	0.367879	0.367879	0.367879	0.367879	0.367879	0.367879	0.367879	0.367879	0.367879	0.367879	0.367879	0.367879	0.367879	0.367879	0.367879	0.367879	0.367879	0.367879	0.367879	0.367879	0.367879	0.367879	0.367879	0.367879	
0.367879	0.367879	0.367879	0.367879	0.367879	0.367879	0.367879	0.367879	0.367879	0.367879	0.367879	0.367879	0.367879	0.367879	0.367879	0.367879	0.367879	0.367879	0.367879	0.367879	0.367879	0.367879	0.367879	0.367879	0.367879	0.367879	0.367879	0.367879	0.367879	0.367879	0.367879	0.367879	0.367879	0.367879	0.367879	0.367879	0.367879	0.367879	0.367879	0.367879	0.367879	0.367879	0.367879	0.367879	0.367879	0.367879	0.367879	0.367879	0.367879	0.367879	0.367879	0.367879	0.367879	0.367879	0.367879	0.367879	0.367879	0.367879	0.367879	0.367879	0.367879	0.367879	0.367879	
