0.367879	0.367879	0.367879	0.367879	0.367879	0.367879	0.367879	0.367879	0.367879	0.367879	0.367879	0.367879	0.367879	0.367879	0.367879	0.367879	0.367879	0.367879	0.367879	0.367879	0.367879	0.367879	0.367879	0.367879	0.367879	0.367879	0.367879	0.367879	0.367879	0.367879	0.367879	0.367879	0.367879	0.367879	0.367879	0.367879	0.367879	0.367879	0.367879	0.367879	0.367879	0.367879	0.367879	0.367879	0.367879	0.367879	0.367879	0.367879	0.367879	0.367879	0.367879	0.367879	0.367879	0.367879	0.367879	0.367879	0.367879	0.367879	0.367879	0.367879	0.367879	0.367879	0.367879	
0.367879	0.367879	0.367879	0.367879	0.367879	0.367879	0.367879	0.367879	0.367879	0.367879	0.367879	0.367879	0.367879	0.367879	0.367879	0.367879	0.367879	0.367879	0.367879	0.367879	0.367879	0.367879	0.367879	0.367879	0.367879	0.367879	0.367879	0.367879	0.367879	0.367879	0.367879	0.367879	0.367879	0.367879	0.367879	0.367879	0.367879	0.367879	0.367879	0.367879	0.367879	0.367879	0.367879	0.367879	0.367879	0.367879	0.367879	0.367879	0.367879	0.367879	0.367879	0.367879	0.367879	0.367879	0.367879	0.367879	0.367879	0.367879	0.367879	0.367879	0.367879	0.367879	0.367879	
0.367879	0.367879	0.367879	0.367879	0.367879	0.367879	0.367879	0.367879	0.367879	0.367879	0.367879	0.367879	0.367879	0.367879	0.367879	0.367879	0.367879	0.367879	0.367879	0.367879	0.367879	0.367879	0.367879	0.367879	0.367879	0.367879	0.367879	0.367879	0.367879	0.367879	0.367879	0.367879	0.367879	0.367879	0.367879	0.367879	0.367879	0.367879	0.367879	0.367879	0.367879	0.367879	0.367879	0.367879	0.367879	0.367879	0.367879	0.367879	0.367879	0.367879	0.367879	0.367879	0.367879	0.367879	0.367879	0.367879	0.367879	0.367879	0.367879	0.367879	0.367879	0.367879	0.367879	
0.367879	0.367879	0.367879	0.367879	0.367879	0.367879	0.367879	0.367879	0.367879	0.367879	0.367879	0.367879	0.367879	0.367879	0.367879	0.367879	0.367879	0.367879	0.367879	0.367879	0.367879	0.367879	0.367879	0.367879	0.367879	0.367879	0.367879	0.367879	0.367879	0.367879	0.367879	0.367879	0.367879	0.367879	0.367879	0.367879	0.367879	0.367879	0.367879	0.367879	0.367879	0.367879	0.367879	0.367879	0.367879	0.367879	0.367879	0.367879	0.367879	0.367879	0.367879	0.367879	0.367879	0.367879	0.367879	0.367879	0.367879	0.367879	0.367879	0.367879	0.367879	0.367879	0.367879	
0.367879	0.367879	0.367879	0.367879	0.367879	0.367879	0.367879	0.367879	0.367879	0.367879	0.367879	0.367879	0.367879	0.367879	0.367879	0.367879	0.367879	0.367879	0.367879	0.367879	0.367879	0.367879	0.367879	0.367879	0.367879	0.367879	0.367879	0.367879	0.367879	0.367879	0.367879	0.367879	0.367879	0.367879	0.367879	0.367879	0.367879	0.367879	0.367879	0.367879	0.367879	0.367879	0.367879	0.367879	0.367879	0.367879	0.367879	0.367879	0.367879	0.367879	0.367879	0.367879	0.367879	0.367879	0.367879	0.367879	0.367879	0.367879	0.367879	0.367879	0.367879	0.367879	0.367879	
0.367879	0.367879	0.367879	0.367879	0.367879	0.367879	0.367879	0.367879	0.367879	0.367879	0.367879	0.367879	0.367879	0.367879	0.367879	0.367879	0.367879	0.367879	0.367879	0.367879	0.367879	0.367879	0.367879	0.367879	0.367879	0.367879	0.367879	0.367879	0.367879	0.367879	0.367879	0.367879	0.367879	0.367879	0.367879	0.367879	0.367879	0.367879	0.367879	0.367879	0.367879	0.367879	0.367879	0.367879	0.367879	0.367879	0.367879	0.367879	0.367879	0.367879	0.367879	0.367879	0.367879	0.367879	0.367879	0.367879	0.367879	0.367879	0.367879	0.367879	0.367879	0.367879	0.367879	
0.367879	0.367879	0.367879	0.367879	0.367879	0.367879	0.367879	0.367879	0.367879	0.367879	0.367879	0.367879	0.367879	0.367879	0.367879	0.367879	0.367879	0.367879	0.367879	0.367879	0.367879	0.367879	0.367879	0.367879	0.367879	0.367879	0.367879	0.367879	0.367879	0.367879	0.367879	0.367879	0.367879	0.367879	0.367879	0.367879	0.367879	0.367879	0.367879	0.367879	0.367879	0.367879	0.367879	0.367879	0.367879	0.367879	0.367879	0.367879	0.367879	0.367879	0.367879	0.367879	0.367879	0.367879	0.367879	0.367879	0.367879	0.367879	0.367879	0.367879	0.367879	0.367879	0.367879	
0.367879	0.367879	0.367879	0.367879	0.367879	0.367879	0.367879	0.367879	0.367879	0.367879	0.367879	0.367879	0.367879	0.367879	0.367879	0.367879	0.367879	0.367879	0.367879	0.367879	0.367879	0.367879	0.367879	0.367879	0.367879	0.367879	0.367879	0.367879	0.367879	0.367879	0.367879	0.367879	0.367879	0.367879	0.367879	0.367879	0.367879	0.367879	0.367879	0.367879	0.367879	0.367879	0.367879	0.367879	0.367879	0.367879	0.367879	0.367879	0.367879	0.367879	0.367879	0.367879	0.367879	0.367879	0.367879	0.367879	0.367879	0.367879	0.367879	0.367879	0.367879	0.367879	0.367879	
0.367879	0.367879	0.367879	0.367879	0.367879	0.367879	0.367879	0.367879	0.367879	0.367879	0.367879	0.367879	0.367879	0.367879	0.367879	0.367879	0.367879	0.367879	0.367879	0.367879	0.367879	0.367879	0.367879	0.367879	0.367879	0.367879	0.367879	0.367879	0.367879	0.367879	0.367879	0.367879	0.367879	0.367879	0.367879	0.367879	0.367879	0.367879	0.367879	0.367879	0.367879	0.367879	0.367879	0.367879	0.367879	0.367879	0.367879	0.367879	0.367879	0.367879	0.367879	0.367879	0.367879	0.367879	0.367879	0.367879	0.367879	0.367879	0.367879	0.367879	0.367879	0.367879	0.367879	
0.367879	0.367879	0.367879	0.367879	0.367879	0.367879	0.367879	0.367879	0.367879	0.367879	0.367879	0.367879	0.367879	0.367879	0.367879	0.367879	0.367879	0.367879	0.367879	0.367879	0.367879	0.367879	0.367879	0.367879	0.367879	0.367879	0.367879	0.367879	0.367879	0.367879	0.367879	0.367879	0.367879	0.367879	0.367879	0.367879	0.367879	0.367879	0.367879	0.367879	0.367879	0.367879	0.367879	0.367879	0.367879	0.367879	0.367879	0.367879	0.367879	0.367879	0.367879	0.367879	0.367879	0.367879	0.367879	0.367879	0.367879	0.367879	0.367879	0.367879	0.367879	0.367879	0.367879	
0.367879	0.367879	0.367879	0.367879	0.367879	0.367879	0.367879	0.367879	0.367879	0.367879	0.367879	0.367879	0.367879	0.367879	0.367879	0.367879	0.367879	0.367879	0.367879	0.367879	0.367879	0.367879	0.367879	0.367879	0.367879	0.367879	0.367879	0.367879	0.367879	0.367879	0.367879	0.367879	0.367879	0.367879	0.367879	0.367879	0.367879	0.367879	0.367879	0.367879	0.367879	0.367879	0.367879	0.367879	0.367879	0.367879	0.367879	0.367879	0.367879	0.367879	0.367879	0.367879	0.367879	0.367879	0.367879	0.367879	0.367879	0.367879	0.367879	0.367879	0.367879	0.367879	0.367879	
0.367879	0.367879	0.367879	0.367879	0.367879	0.367879	0.367879	0.367879	0.367879	0.367879	0.367879	0.367879	0.367879	0.367879	0.367879	0.367879	0.367879	0.367879	0.367879	0.367879	0.367879	0.367879	0.367879	0.367879	0.367879	0.367879	0.367879	0.367879	0.367879	0.367879	0.367879	0.367879	0.367879	0.367879	0.367879	0.367879	0.367879	0.367879	0.367879	0.367879	0.367879	0.367879	0.367879	0.367879	0.367879	0.367879	0.367879	0.367879	0.367879	0.367879	0.367879	0.367879	0.367879	0.367879	0.367879	0.367879	0.367879	0.367879	0.367879	0.367879	0.367879	0.367879	0.367879	
0.367879	0.367879	0.367879	0.367879	0.367879	0.367879	0.367879	0.367879	0.367879	0.367879	0.396598	0.396598	0.396598	0.396598	0.396598	0.396598	0.396598	0.396598	0.396598	0.396598	0.396598	0.396598	0.396598	0.396598	0.396598	0.396598	0.396598	0.396598	0.396598	0.396598	0.396598	0.396598	0.396598	0.367879	0.367879	0.367879	0.367879	0.367879	0.367879	0.367879	0.367879	0.367879	0.367879	0.367879	0.367879	0.367879	0.367879	0.367879	0.367879	0.367879	0.367879	0.367879	0.367879	0.367879	0.367879	0.367879	0.367879	0.367879	0.367879	0.367879	0.367879	0.367879	0.367879	
0.367879	0.367879	0.367879	0.367879	0.367879	0.367879	0.367879	0.367879	0.367879	0.367879	0.396598	0.396598	0.396598	0.396598	0.396598	0.396598	0.396598	0.396598	0.396598	0.396598	0.396598	0.396598	0.396598	0.396598	0.396598	0.396598	0.396598	0.396598	0.396598	0.396598	0.396598	0.396598	0.396598	0.367879	0.367879	0.367879	0.367879	0.367879	0.367879	0.367879	0.367879	0.367879	0.367879	0.367879	0.367879	0.367879	0.367879	0.367879	0.367879	0.367879	0.367879	0.367879	0.367879	0.367879	0.367879	0.367879	0.367879	0.367879	0.367879	0.367879	0.367879	0.367879	0.367879	
0.367879	0.367879	0.367879	0.367879	0.367879	0.367879	0.367879	0.367879	0.367879	0.367879	0.396598	0.396598	0.396598	0.396598	0.396598	0.396598	0.396598	0.396598	0.396598	0.396598	0.396598	0.396598	0.396598	0.396598	0.396598	0.396598	0.396598	0.396598	0.396598	0.396598	0.396598	0.396598	0.396598	0.367879	0.367879	0.367879	0.367879	0.367879	0.367879	0.367879	0.367879	0.367879	0.367879	0.367879	0.367879	0.367879	0.367879	0.367879	0.367879	0.367879	0.367879	0.367879	0.367879	0.367879	0.367879	0.367879	0.367879	0.367879	0.367879	0.367879	0.367879	0.367879	0.367879	
0.367879	0.367879	0.367879	0.367879	0.367879	0.367879	0.367879	0.367879	0.367879	0.367879	0.396598	0.396598	0.396598	0.396598	0.396598	0.396598	0.396598	0.396598	0.396598	0.396598	0.396598	0.396598	0.396598	0.396598	0.396598	0.396598	0.396598	0.396598	0.396598	0.396598	0.396598	0.396598	0.396598	0.367879	0.367879	0.367879	0.367879	0.367879	0.367879	0.367879	0.367879	0.367879	1.42261	1.42261	0.367879	0.367879	0.367879	0.367879	0.367879	0.367879	0.367879	0.367879	0.367879	0.367879	0.367879	0.367879	0.367879	0.367879	0.367879	0.367879	0.367879	0.367879	0.367879	
0.367879	0.367879	0.367879	0.367879	0.367879	0.367879	0.367879	0.367879	0.367879	0.367879	0.396598	0.396598	0.396598	0.396598	0.396598	0.396598	0.396598	0.396598	0.396598	0.396598	0.396598	0.396598	0.396598	0.396598	0.627185	0.627185	0.687918	0.687918	0.687918	0.687918	0.687918	0.687918	0.687918	0.638105	0.638105	0.638105	0.638105	0.638105	0.638105	0.638105	1.78113	1.78113	6.88772	2.46759	0.581769	0.581769	0.581769	0.581769	0.581769	0.367879	0.367879	0.367879	0.367879	0.367879	0.367879	0.367879	0.367879	0.367879	0.367879	0.367879	0.367879	0.367879	0.367879	
0.367879	0.367879	0.367879	0.367879	0.367879	0.367879	0.367879	0.367879	0.367879	0.367879	0.396598	0.396598	0.396598	0.396598	0.396598	0.396598	0.396598	0.396598	0.396598	0.396598	0.396598	0.396598	0.396598	0.396598	0.627185	0.627185	0.687918	0.687918	0.687918	0.687918	0.687918	0.687918	0.687918	0.638105	0.638105	0.638105	0.638105	0.638105	0.638105	0.638105	1.78113	1.78113	6.88772	2.46759	0.581769	0.581769	0.581769	0.581769	0.581769	0.367879	0.367879	0.367879	0.367879	0.367879	0.367879	0.367879	0.367879	0.367879	0.367879	0.367879	0.367879	0.367879	0.367879	
0.367879	0.367879	0.367879	0.367879	0.367879	0.367879	0.367879	0.367879	0.367879	0.367879	0.396598	0.396598	0.396598	0.396598	0.396598	0.396598	0.396598	0.396598	0.396598	0.396598	0.396598	0.396598	0.396598	0.396598	0.627185	0.627185	0.687918	0.687918	0.687918	0.687918	0.687918	0.687918	0.687918	0.638105	0.638105	0.638105	0.638105	0.638105	0.638105	0.638105	1.78113	1.78113	1.78113	0.638105	0.581769	0.581769	0.581769	0.581769	0.581769	0.367879	0.367879	0.367879	0.367879	0.367879	0.367879	0.367879	0.367879	0.367879	0.367879	0.367879	0.367879	0.367879	0.367879	
0.367879	0.367879	0.367879	0.367879	0.367879	0.367879	0.367879	0.367879	0.367879	0.367879	0.396598	0.396598	0.396598	0.396598	0.396598	0.396598	0.396598	0.396598	0.396598	0.396598	0.396598	0.396598	0.396598	0.396598	0.627185	0.627185	0.687918	0.687918	0.687918	0.687918	0.687918	0.687918	0.687918	0.638105	0.638105	0.638105	0.638105	0.638105	0.638105	0.638105	0.638105	0.638105	0.638105	0.638105	0.581769	0.581769	0.581769	0.581769	0.581769	0.367879	0.367879	0.367879	0.367879	0.367879	0.367879	0.367879	0.367879	0.367879	0.367879	0.367879	0.367879	0.367879	0.367879	
0.367879	0.367879	0.367879	0.367879	0.367879	0.367879	0.367879	0.367879	0.367879	0.367879	0.396598	0.396598	0.396598	0.396598	0.396598	0.396598	0.396598	0.396598	0.396598	0.396598	0.396598	0.396598	0.396598	0.396598	0.396598	0.396598	0.435002	0.435002	0.435002	0.435002	0.435002	0.435002	0.435002	0.403503	0.403503	0.403503	0.403503	0.403503	0.403503	0.403503	0.403503	0.403503	0.403503	0.403503	0.367879	0.367879	0.367879	0.367879	0.367879	0.367879	0.367879	0.367879	0.367879	0.367879	0.367879	0.367879	0.367879	0.367879	0.367879	0.367879	0.367879	0.367879	0.367879	
0.367879	0.367879	0.367879	0.367879	0.367879	0.367879	0.367879	0.367879	0.367879	0.367879	0.396598	0.396598	0.396598	0.396598	0.396598	0.396598	0.396598	0.396598	0.396598	0.396598	0.396598	0.396598	0.396598	0.396598	0.396598	0.396598	0.435002	0.435002	0.435002	0.435002	0.435002	0.435002	0.435002	0.403503	0.403503	0.403503	0.403503	0.403503	0.403503	0.403503	0.403503	0.403503	0.403503	0.403503	0.367879	0.367879	0.367879	0.367879	0.367879	0.367879	0.367879	0.367879	0.367879	0.367879	0.367879	0.367879	0.367879	0.367879	0.367879	0.367879	0.367879	0.367879	0.367879	
0.367879	0.367879	0.367879	0.367879	0.367879	0.367879	0.367879	0.367879	0.367879	0.367879	0.396598	0.396598	0.396598	0.396598	0.396598	0.396598	0.396598	0.396598	0.396598	0.396598	0.396598	0.396598	0.396598	0.396598	0.396598	0.396598	0.435002	0.435002	0.435002	0.435002	0.435002	0.435002	0.435002	0.403503	0.403503	0.403503	0.403503	0.403503	0.403503	0.403503	0.403503	0.403503	0.403503	0.403503	0.367879	0.367879	0.367879	0.367879	0.367879	0.367879	0.367879	0.367879	0.367879	0.367879	0.367879	0.367879	0.367879	0.367879	0.367879	0.367879	0.367879	0.367879	0.367879	
0.367879	0.367879	0.367879	0.367879	0.367879	0.367879	0.367879	0.367879	0.367879	0.367879	0.396598	0.396598	0.396598	0.396598	0.396598	0.396598	0.396598	0.396598	0.396598	0.396598	0.396598	0.396598	0.396598	0.396598	0.396598	0.396598	0.435002	0.435002	0.435002	0.435002	0.435002	0.435002	0.435002	0.403503	0.403503	0.403503	0.403503	0.403503	0.403503	0.403503	0.403503	0.403503	0.403503	0.403503	0.367879	0.367879	0.367879	0.367879	0.367879	0.367879	0.367879	0.367879	0.367879	0.367879	0.367879	0.367879	0.367879	0.367879	0.367879	0.367879	0.367879	0.367879	0.367879	
0.367879	0.367879	0.367879	0.367879	0.367879	0.367879	0.367879	0.367879	0.367879	0.367879	0.396598	0.396598	0.396598	0.396598	0.396598	0.396598	0.396598	0.396598	0.396598	0.396598	0.396598	0.396598	0.396598	0.396598	0.396598	0.396598	0.435002	0.435002	0.435002	0.435002	0.435002	0.435002	0.435002	0.403503	0.403503	0.403503	0.403503	0.403503	0.403503	0.403503	0.403503	0.403503	0.403503	0.403503	0.367879	0.367879	0.367879	0.367879	0.367879	0.367879	0.367879	0.367879	0.367879	0.367879	0.367879	0.367879	0.367879	0.367879	0.367879	0.367879	0.367879	0.367879	0.367879	
0.367879	0.367879	0.367879	0.367879	0.367879	0.367879	0.367879	0.367879	0.367879	0.367879	0.396598	0.396598	0.396598	0.396598	0.396598	0.396598	0.396598	0.396598	0.396598	0.396598	0.396598	0.396598	0.396598	0.396598	0.396598	0.396598	0.435002	0.435002	0.435002	0.435002	0.435002	0.435002	0.435002	0.403503	0.403503	0.403503	0.403503	0.403503	0.403503	0.403503	0.403503	0.403503	0.403503	0.403503	0.367879	0.367879	0.367879	0.367879	0.367879	0.367879	0.367879	0.367879	0.367879	0.367879	0.367879	0.367879	0.367879	0.367879	0.367879	0.367879	0.367879	0.367879	0.367879	
0.367879	0.367879	0.367879	0.367879	0.367879	0.367879	0.367879	0.367879	0.367879	0.367879	0.396598	0.396598	0.396598	0.396598	0.396598	0.396598	0.396598	0.396598	0.396598	0.396598	0.396598	0.396598	0.396598	0.396598	0.396598	0.396598	0.435002	0.435002	0.435002	0.435002	0.435002	0.435002	0.435002	0.403503	0.403503	0.403503	0.403503	0.403503	0.403503	0.403503	0.403503	0.403503	0.403503	0.403503	0.367879	0.367879	0.367879	0.367879	0.367879	0.367879	0.367879	0.367879	0.367879	0.367879	0.367879	0.367879	0.367879	0.367879	0.367879	0.367879	0.367879	0.367879	0.367879	
0.367879	0.367879	0.367879	0.367879	0.367879	0.367879	0.367879	0.367879	0.367879	0.367879	0.396598	0.396598	0.396598	0.396598	0.396598	0.396598	0.396598	0.396598	0.396598	0.396598	0.396598	0.396598	0.396598	0.396598	0.396598	0.396598	0.435002	0.435002	0.435002	0.435002	0.435002	0.435002	0.435002	0.403503	0.403503	0.403503	0.403503	0.403503	0.403503	0.403503	0.403503	0.403503	0.403503	0.403503	0.367879	0.367879	0.367879	0.367879	0.367879	0.367879	0.367879	0.367879	0.367879	0.367879	0.367879	0.367879	0.367879	0.367879	0.367879	0.367879	0.367879	0.367879	0.367879	
0.367879	0.367879	0.367879	0.367879	0.367879	0.367879	0.367879	0.367879	0.367879	0.367879	0.396598	0.396598	0.396598	0.396598	0.396598	0.396598	0.396598	0.396598	0.396598	0.396598	0.396598	0.396598	0.396598	0.396598	0.396598	0.396598	0.435002	0.435002	0.435002	0.435002	0.435002	0.435002	0.435002	0.403503	0.403503	0.403503	0.403503	0.403503	0.403503	0.403503	0.403503	0.403503	0.403503	0.403503	0.367879	0.367879	0.367879	0.367879	0.367879	0.367879	0.367879	0.367879	0.367879	0.367879	0.367879	0.367879	0.367879	0.367879	0.367879	0.367879	0.367879	0.367879	0.367879	
0.367879	0.367879	0.367879	0.367879	0.367879	0.367879	0.367879	0.367879	0.367879	0.367879	0.396598	0.396598	0.396598	0.396598	0.396598	0.396598	0.396598	0.396598	0.396598	0.396598	0.396598	0.396598	0.396598	0.396598	0.396598	0.396598	0.435002	0.435002	0.435002	0.435002	0.435002	0.435002	0.435002	0.403503	0.403503	0.403503	0.403503	0.403503	0.403503	0.403503	0.403503	0.403503	0.403503	0.403503	0.367879	0.367879	0.367879	0.367879	0.367879	0.367879	0.367879	0.367879	0.367879	0.367879	0.367879	0.367879	0.367879	0.367879	0.367879	0.367879	0.367879	0.367879	0.367879	
0.367879	0.367879	0.367879	0.367879	0.367879	0.367879	0.367879	0.410153	0.410153	0.410153	0.442171	0.442171	0.442171	0.442171	0.442171	0.442171	0.442171	0.442171	0.442171	0.442171	0.442171	0.442171	0.442171	0.442171	0.442171	0.442171	0.484989	0.484989	0.435002	0.435002	0.435002	0.435002	0.435002	0.403503	0.403503	0.403503	0.403503	0.403503	0.403503	0.403503	0.403503	0.403503	0.403503	0.403503	0.367879	0.367879	0.367879	0.367879	0.367879	0.367879	0.367879	0.367879	0.367879	0.367879	0.367879	0.367879	0.367879	0.367879	0.367879	0.367879	0.367879	0.367879	0.367879	
0.367879	0.367879	0.367879	0.367879	0.367879	0.367879	0.367879	0.410153	0.410153	0.410153	0.442171	0.442171	0.442171	0.442171	0.442171	0.442171	0.442171	0.442171	0.442171	0.442171	0.442171	0.442171	0.442171	0.442171	0.442171	0.442171	0.484989	0.484989	0.435002	0.435002	0.435002	0.435002	0.435002	0.403503	0.403503	0.403503	0.403503	0.403503	0.403503	0.403503	0.403503	0.403503	0.403503	0.403503	0.367879	0.367879	0.367879	0.367879	0.367879	0.367879	0.367879	0.367879	0.367879	0.367879	0.367879	0.367879	0.367879	0.367879	0.367879	0.367879	0.367879	0.367879	0.367879	
0.367879	0.367879	0.367879	0.367879	0.367879	0.367879	0.367879	0.410153	0.410153	0.410153	0.442171	0.442171	0.442171	0.442171	0.442171	0.442171	0.442171	0.442171	0.442171	0.442171	0.442171	0.442171	0.442171	0.442171	0.442171	0.442171	0.484989	0.484989	0.435002	0.435002	0.435002	0.435002	0.435002	0.403503	0.403503	0.403503	0.403503	0.403503	0.403503	0.403503	0.403503	0.403503	0.403503	0.403503	0.367879	0.367879	0.367879	0.367879	0.367879	0.367879	0.367879	0.367879	0.367879	0.367879	0.367879	0.367879	0.367879	0.367879	0.367879	0.367879	0.367879	0.367879	0.367879	
0.367879	0.367879	0.367879	0.367879	0.367879	0.367879	0.367879	0.410153	0.410153	0.410153	0.442171	0.442171	0.442171	0.442171	0.442171	0.442171	0.442171	0.442171	0.442171	0.442171	0.442171	0.442171	0.442171	0.442171	0.442171	0.442171	0.484989	0.484989	0.435002	0.435002	0.435002	0.435002	0.435002	0.403503	0.403503	0.403503	0.403503	0.403503	0.403503	0.403503	0.403503	0.403503	0.403503	0.403503	0.367879	0.367879	0.367879	0.367879	0.367879	0.367879	0.367879	0.367879	0.367879	0.367879	0.367879	0.367879	0.367879	0.367879	0.367879	0.367879	0.367879	0.367879	0.367879	
0.367879	0.367879	0.367879	0.367879	0.367879	0.367879	0.367879	0.410153	0.410153	0.410153	0.442171	0.442171	0.442171	0.442171	0.442171	0.442171	0.442171	0.442171	0.442171	0.442171	0.442171	0.442171	0.442171	0.442171	0.442171	0.442171	0.484989	0.484989	0.435002	0.435002	0.435002	0.435002	0.435002	0.403503	0.403503	0.403503	0.403503	0.403503	0.403503	0.403503	0.403503	0.403503	0.403503	0.403503	0.367879	0.367879	0.367879	0.367879	0.367879	0.367879	0.367879	0.367879	0.367879	0.367879	0.367879	0.367879	0.367879	0.367879	0.367879	0.367879	0.367879	0.367879	0.367879	
0.367879	0.367879	0.367879	0.367879	0.367879	0.367879	0.367879	0.410153	0.410153	0.410153	0.442171	0.442171	0.442171	0.442171	0.442171	0.442171	0.442171	0.442171	0.442171	0.442171	0.442171	0.442171	0.442171	0.442171	0.442171	0.442171	0.484989	0.484989	0.435002	0.435002	0.435002	0.435002	0.435002	0.403503	0.403503	0.403503	0.403503	0.403503	0.403503	0.403503	0.403503	0.403503	0.403503	0.403503	0.367879	0.367879	0.367879	0.367879	0.367879	0.367879	0.367879	0.367879	0.367879	0.367879	0.367879	0.367879	0.367879	0.367879	0.367879	0.367879	0.367879	0.367879	0.367879	
0.367879	0.367879	0.367879	0.367879	0.367879	0.367879	0.367879	0.410153	0.410153	0.410153	0.442171	0.442171	0.442171	0.442171	0.442171	0.442171	0.442171	0.442171	0.442171	0.442171	0.442171	0.442171	0.442171	0.442171	0.442171	0.442171	0.484989	0.484989	0.435002	0.435002	0.435002	0.435002	0.435002	0.403503	0.403503	0.403503	0.403503	0.403503	0.403503	0.403503	0.403503	0.403503	0.403503	0.403503	0.367879	0.367879	0.367879	0.367879	0.367879	0.367879	0.367879	0.367879	0.367879	0.367879	0.367879	0.367879	0.367879	0.367879	0.367879	0.367879	0.367879	0.367879	0.367879	
0.367879	0.367879	0.367879	0.367879	0.367879	0.367879	0.367879	0.410153	0.410153	0.410153	0.442171	0.442171	0.442171	0.442171	0.442171	0.442171	0.442171	0.442171	0.442171	0.442171	0.442171	0.442171	0.442171	0.442171	0.442171	0.442171	0.484989	0.484989	0.435002	0.435002	0.435002	0.435002	0.435002	0.403503	0.403503	0.403503	0.403503	0.403503	0.403503	0.403503	0.403503	0.403503	0.403503	0.403503	0.367879	0.367879	0.367879	0.367879	0.367879	0.367879	0.367879	0.367879	0.367879	0.367879	0.367879	0.367879	0.367879	0.367879	0.367879	0.367879	0.367879	0.367879	0.367879	
0.367879	0.367879	0.367879	0.367879	0.367879	0.367879	0.367879	0.410153	0.410153	0.410153	0.442171	0.442171	0.442171	0.442171	0.442171	0.442171	0.442171	0.442171	0.442171	0.442171	0.442171	0.442171	0.442171	0.442171	0.442171	0.442171	0.484989	0.484989	0.435002	0.435002	0.435002	0.435002	0.435002	0.403503	0.403503	0.403503	0.403503	0.403503	0.403503	0.403503	0.403503	0.403503	0.403503	0.403503	0.367879	0.367879	0.367879	0.367879	0.367879	0.367879	0.367879	0.367879	0.367879	0.367879	0.367879	0.367879	0.367879	0.367879	0.367879	0.367879	0.367879	0.367879	0.367879	
0.367879	0.367879	0.367879	0.367879	0.367879	0.367879	0.367879	0.410153	0.410153	0.410153	0.442171	0.442171	0.442171	0.442171	0.442171	0.442171	0.442171	0.442171	0.442171	0.442171	0.442171	0.442171	0.442171	0.442171	0.442171	0.442171	0.484989	0.484989	0.435002	0.435002	0.435002	0.435002	0.435002	0.403503	0.403503	0.403503	0.403503	0.403503	0.403503	0.403503	0.403503	0.403503	0.403503	0.403503	0.367879	0.367879	0.367879	0.367879	0.367879	0.367879	0.367879	0.367879	0.367879	0.367879	0.367879	0.367879	0.367879	0.367879	0.367879	0.367879	0.367879	0.367879	0.367879	
0.367879	0.367879	0.367879	0.367879	0.367879	0.367879	0.367879	0.410153	0.410153	0.410153	0.442171	0.442171	0.442171	0.442171	0.442171	0.442171	0.442171	0.442171	0.442171	0.442171	0.442171	0.442171	0.442171	0.442171	0.442171	0.442171	0.484989	0.484989	0.435002	0.435002	0.435002	0.435002	0.435002	0.403503	0.403503	0.403503	0.403503	0.403503	0.403503	0.403503	0.403503	0.403503	0.403503	0.403503	0.367879	0.367879	0.367879	0.367879	0.367879	0.367879	0.367879	0.367879	0.367879	0.367879	0.367879	0.367879	0.367879	0.367879	0.367879	0.367879	0.367879	0.367879	0.367879	
0.367879	0.367879	0.367879	0.367879	0.367879	0.367879	0.367879	0.410153	0.410153	0.410153	0.442171	0.442171	0.442171	0.442171	0.442171	0.442171	0.442171	0.442171	0.442171	0.442171	0.442171	0.442171	0.442171	0.442171	0.442171	0.442171	0.484989	0.484989	0.435002	0.435002	0.435002	0.435002	0.435002	0.403503	0.403503	0.403503	0.403503	0.403503	0.403503	0.403503	0.403503	0.403503	0.403503	0.403503	0.367879	0.367879	0.367879	0.367879	0.367879	0.367879	0.367879	0.367879	0.367879	0.367879	0.367879	0.367879	0.367879	0.367879	0.367879	0.367879	0.367879	0.367879	0.367879	
0.367879	0.367879	0.367879	0.367879	0.367879	0.367879	0.367879	0.410153	0.410153	0.410153	0.442171	0.442171	0.442171	0.442171	0.442171	0.442171	0.442171	0.442171	0.442171	0.442171	0.442171	0.442171	0.442171	0.442171	0.442171	0.442171	0.484989	0.484989	0.435002	0.435002	0.435002	0.435002	0.435002	0.403503	0.403503	0.403503	0.403503	0.403503	0.403503	0.403503	0.403503	0.403503	0.403503	0.403503	0.367879	0.367879	0.367879	0.367879	0.367879	0.367879	0.367879	0.367879	0.367879	0.367879	0.367879	0.367879	0.367879	0.367879	0.367879	0.367879	0.367879	0.367879	0.367879	
0.367879	0.367879	0.367879	0.367879	0.367879	0.367879	0.367879	0.410153	0.410153	0.410153	0.442171	0.442171	0.442171	0.442171	0.442171	0.442171	0.442171	0.442171	0.442171	0.442171	0.442171	0.442171	0.442171	0.442171	0.442171	0.442171	0.484989	0.484989	0.435002	0.435002	0.435002	0.435002	0.435002	0.403503	0.403503	0.403503	0.403503	0.403503	0.403503	0.403503	0.403503	0.403503	0.403503	0.403503	0.367879	0.367879	0.367879	0.367879	0.367879	0.367879	0.367879	0.367879	0.367879	0.367879	0.367879	0.367879	0.367879	0.367879	0.367879	0.367879	0.367879	0.367879	0.367879	
0.367879	0.367879	0.367879	0.367879	0.367879	0.367879	0.367879	0.410153	0.410153	0.410153	0.442171	0.442171	0.442171	0.442171	0.442171	0.442171	0.442171	0.442171	0.442171	0.442171	0.442171	0.442171	0.442171	0.442171	0.442171	0.442171	0.484989	0.484989	0.435002	0.435002	0.435002	0.435002	0.435002	0.403503	0.403503	0.403503	0.403503	0.403503	0.403503	0.403503	0.403503	0.403503	0.403503	0.403503	0.367879	0.367879	0.367879	0.367879	0.367879	0.367879	0.367879	0.367879	0.367879	0.367879	0.367879	0.367879	0.367879	0.367879	0.367879	0.367879	0.367879	0.367879	0.367879	
0.367879	0.367879	0.367879	0.367879	0.367879	0.367879	0.367879	0.410153	0.410153	0.410153	0.442171	0.442171	0.442171	0.442171	0.442171	0.442171	0.442171	0.442171	0.442171	0.442171	0.442171	0.442171	0.442171	0.442171	0.442171	0.442171	0.484989	0.484989	0.435002	0.435002	0.435002	0.435002	0.435002	0.403503	0.403503	0.403503	0.403503	0.403503	0.403503	0.403503	0.403503	0.403503	0.403503	0.403503	0.367879	0.367879	0.367879	0.367879	0.367879	0.367879	0.367879	0.367879	0.367879	0.367879	0.367879	0.367879	0.367879	0.367879	0.367879	0.367879	0.367879	0.367879	0.367879	
0.367879	0.367879	0.367879	0.367879	0.367879	0.367879	0.367879	0.410153	0.410153	0.410153	0.410153	0.410153	0.410153	0.410153	0.410153	0.410153	0.410153	0.410153	0.410153	0.410153	0.410153	0.410153	0.410153	0.410153	0.410153	0.410153	0.44987	0.44987	0.403503	0.403503	0.403503	0.403503	0.403503	0.403503	0.403503	0.403503	0.403503	0.403503	0.403503	0.403503	0.403503	0.403503	0.403503	0.403503	0.367879	0.367879	0.367879	0.367879	0.367879	0.367879	0.367879	0.367879	0.367879	0.367879	0.367879	0.367879	0.367879	0.367879	0.367879	0.367879	0.367879	0.367879	0.367879	
0.367879	0.367879	0.367879	0.367879	0.367879	0.367879	0.367879	0.410153	0.410153	0.410153	0.410153	0.410153	0.410153	0.410153	0.410153	0.410153	0.410153	0.410153	0.410153	0.410153	0.410153	0.410153	0.410153	0.410153	0.410153	0.410153	0.44987	0.44987	0.403503	0.403503	0.403503	0.403503	0.403503	0.403503	0.403503	0.403503	0.403503	0.403503	0.403503	0.403503	0.403503	0.403503	0.403503	0.403503	0.367879	0.367879	0.367879	0.367879	0.367879	0.367879	0.367879	0.367879	0.367879	0.367879	0.367879	0.367879	0.367879	0.367879	0.367879	0.367879	0.367879	0.367879	0.367879	
0.367879	0.367879	0.367879	0.367879	0.367879	0.367879	0.367879	0.367879	0.367879	0.367879	0.367879	0.367879	0.367879	0.367879	0.367879	0.367879	0.367879	0.367879	0.367879	0.367879	0.367879	0.367879	0.367879	0.367879	0.367879	0.367879	0.367879	0.367879	0.367879	0.367879	0.367879	0.367879	0.367879	0.367879	0.367879	0.367879	0.367879	0.367879	0.367879	0.367879	0.367879	0.367879	0.367879	0.367879	0.367879	0.367879	0.367879	0.367879	0.367879	0.367879	0.367879	0.367879	0.367879	0.367879	0.367879	0.367879	0.367879	0.367879	0.367879	0.367879	0.367879	0.367879	0.367879	
