0.367879	0.367879	0.367879	0.367879	0.367879	0.367879	0.367879	0.367879	0.367879	0.367879	0.367879	0.367879	0.367879	0.367879	0.367879	0.367879	0.367879	0.367879	0.367879	0.367879	0.367879	0.367879	0.367879	0.367879	0.367879	0.367879	0.367879	0.367879	0.367879	0.367879	0.367879	0.367879	0.367879	0.367879	0.367879	0.367879	0.367879	0.367879	0.367879	0.367879	0.367879	0.367879	0.367879	0.367879	0.367879	0.367879	0.367879	0.367879	0.367879	0.367879	0.367879	0.367879	0.367879	0.367879	0.367879	0.367879	0.367879	0.367879	0.367879	0.367879	0.367879	0.367879	0.367879	
0.367879	0.367879	0.367879	0.367879	0.367879	0.367879	0.367879	0.367879	0.367879	0.367879	0.367879	0.367879	0.367879	0.367879	0.367879	0.367879	0.367879	0.367879	0.367879	0.367879	0.367879	0.367879	0.367879	0.367879	0.367879	0.367879	0.367879	0.367879	0.367879	0.367879	0.367879	0.367879	0.367879	0.367879	0.367879	0.367879	0.367879	0.367879	0.367879	0.367879	0.367879	0.367879	0.367879	0.367879	0.367879	0.367879	0.367879	0.367879	0.367879	0.367879	0.367879	0.367879	0.367879	0.367879	0.367879	0.367879	0.367879	0.367879	0.367879	0.367879	0.367879	0.367879	0.367879	
0.367879	0.367879	0.367879	0.367879	0.367879	0.367879	0.367879	0.367879	0.367879	0.367879	0.367879	0.367879	0.367879	0.367879	0.367879	0.367879	0.367879	0.367879	0.367879	0.367879	0.367879	0.367879	0.367879	0.367879	0.367879	0.367879	0.367879	0.367879	0.367879	0.367879	0.367879	0.367879	0.367879	0.367879	0.367879	0.367879	0.367879	0.367879	0.367879	0.367879	0.367879	0.367879	0.367879	0.367879	0.367879	0.367879	0.367879	0.367879	0.367879	0.367879	0.367879	0.367879	0.367879	0.367879	0.367879	0.367879	0.367879	0.367879	0.367879	0.367879	0.367879	0.367879	0.367879	
0.367879	0.367879	0.367879	0.367879	0.367879	0.367879	0.367879	0.367879	0.367879	0.367879	0.367879	0.367879	0.367879	0.367879	0.367879	0.367879	0.367879	0.367879	0.367879	0.367879	0.367879	0.367879	0.367879	0.367879	0.367879	0.418747	0.418747	0.418747	0.418747	0.418747	0.418747	0.418747	0.418747	0.418747	0.418747	0.418747	0.418747	0.418747	0.418747	0.418747	0.418747	0.418747	0.418747	0.418747	0.367879	0.367879	0.367879	0.367879	0.367879	0.367879	0.367879	0.367879	0.367879	0.367879	0.367879	0.367879	0.367879	0.367879	0.367879	0.367879	0.367879	0.367879	0.367879	
0.367879	0.367879	0.367879	0.367879	0.367879	0.367879	0.367879	0.367879	0.367879	0.367879	0.367879	0.367879	0.367879	0.367879	0.367879	0.367879	0.367879	0.367879	0.367879	0.367879	0.367879	0.367879	0.367879	0.367879	0.367879	0.418747	0.418747	0.418747	0.418747	0.418747	0.418747	0.418747	0.418747	0.418747	0.418747	0.418747	0.418747	0.418747	0.418747	0.418747	0.418747	0.418747	0.418747	0.418747	0.367879	0.367879	0.367879	0.367879	0.367879	0.367879	0.367879	0.367879	0.367879	0.367879	0.367879	0.367879	0.367879	0.367879	0.367879	0.367879	0.367879	0.367879	0.367879	
0.367879	0.367879	0.367879	0.367879	0.367879	0.367879	0.367879	0.367879	0.367879	0.367879	0.367879	0.367879	0.367879	0.367879	0.367879	0.367879	0.367879	0.367879	0.367879	0.367879	0.367879	0.367879	0.367879	0.367879	0.367879	0.418747	0.418747	0.418747	0.418747	0.418747	0.418747	0.418747	0.418747	0.418747	0.418747	0.418747	0.418747	0.418747	0.418747	0.418747	0.418747	0.418747	0.418747	0.418747	0.367879	0.367879	0.367879	0.367879	0.367879	0.367879	0.367879	0.367879	0.367879	0.367879	0.367879	0.367879	0.367879	0.367879	0.367879	0.367879	0.367879	0.367879	0.367879	
0.367879	0.367879	0.367879	0.367879	0.367879	0.367879	0.367879	0.367879	0.367879	0.367879	0.367879	0.367879	0.367879	0.367879	0.367879	0.367879	0.367879	0.367879	0.367879	0.367879	0.367879	0.367879	0.367879	0.367879	0.367879	0.418747	0.418747	0.418747	0.418747	0.418747	0.418747	0.418747	0.418747	0.418747	0.418747	0.418747	0.418747	0.418747	0.418747	0.418747	0.418747	0.418747	0.418747	0.418747	0.367879	0.367879	0.367879	0.367879	0.367879	0.367879	0.367879	0.367879	0.367879	0.367879	0.367879	0.367879	0.367879	0.367879	0.367879	0.367879	0.367879	0.367879	0.367879	
0.367879	0.367879	0.367879	0.367879	0.367879	0.367879	0.367879	0.367879	0.367879	0.367879	0.367879	0.367879	0.367879	0.367879	0.367879	0.367879	0.367879	0.367879	0.367879	0.367879	0.367879	0.367879	0.367879	0.367879	0.367879	0.418747	0.418747	0.418747	0.418747	0.418747	0.418747	0.418747	0.418747	0.418747	0.418747	0.418747	0.418747	0.418747	0.418747	0.418747	0.418747	0.418747	0.418747	0.418747	0.367879	0.367879	0.367879	0.367879	0.367879	0.367879	0.367879	0.367879	0.367879	0.367879	0.367879	0.367879	0.367879	0.367879	0.367879	0.367879	0.367879	0.367879	0.367879	
0.367879	0.367879	0.367879	0.367879	0.367879	0.367879	0.367879	0.367879	0.367879	0.367879	0.367879	0.367879	0.367879	0.367879	0.367879	0.367879	0.367879	0.367879	0.367879	0.367879	0.367879	0.367879	0.367879	0.367879	0.367879	0.418747	0.418747	0.418747	0.418747	0.418747	0.418747	0.418747	0.418747	0.418747	0.418747	0.418747	0.418747	0.418747	0.418747	0.418747	0.418747	0.418747	0.418747	0.418747	0.367879	0.367879	0.367879	0.367879	0.367879	0.367879	0.367879	0.367879	0.367879	0.367879	0.367879	0.367879	0.367879	0.367879	0.367879	0.367879	0.367879	0.367879	0.367879	
0.367879	0.367879	0.367879	0.367879	0.367879	0.367879	0.367879	0.367879	0.367879	0.367879	0.367879	0.367879	0.367879	0.367879	0.367879	0.367879	0.367879	0.367879	0.367879	0.367879	0.367879	0.367879	0.367879	0.367879	0.367879	0.418747	0.418747	0.418747	0.418747	0.418747	0.418747	0.418747	0.418747	0.418747	0.418747	0.418747	0.418747	0.418747	0.418747	0.418747	0.418747	0.418747	0.418747	0.418747	0.367879	0.367879	0.367879	0.367879	0.367879	0.367879	0.367879	0.367879	0.367879	0.367879	0.367879	0.367879	0.367879	0.367879	0.367879	0.367879	0.367879	0.367879	0.367879	
0.367879	0.367879	0.367879	0.367879	0.367879	0.367879	0.367879	0.367879	0.367879	0.367879	0.367879	0.367879	0.367879	0.367879	0.367879	0.367879	0.367879	0.367879	0.367879	0.367879	0.367879	0.367879	0.367879	0.367879	0.367879	0.418747	0.418747	0.418747	0.418747	0.418747	0.418747	0.418747	0.418747	0.418747	0.418747	0.418747	0.418747	0.418747	0.418747	0.418747	0.418747	0.418747	0.418747	0.418747	0.367879	0.367879	0.367879	0.367879	0.367879	0.367879	0.367879	0.367879	0.367879	0.367879	0.367879	0.367879	0.367879	0.367879	0.367879	0.367879	0.367879	0.367879	0.367879	
0.367879	0.367879	0.367879	0.367879	0.367879	0.367879	0.367879	0.367879	0.367879	0.367879	0.367879	0.367879	0.367879	0.367879	0.367879	0.367879	0.367879	0.367879	0.367879	0.367879	0.367879	0.367879	0.367879	0.367879	0.367879	0.418747	0.418747	0.418747	0.418747	0.418747	0.418747	0.418747	0.418747	0.418747	0.418747	0.418747	0.418747	0.418747	0.418747	0.418747	0.418747	0.418747	0.418747	0.418747	0.367879	0.367879	0.367879	0.367879	0.367879	0.367879	0.367879	0.367879	0.367879	0.367879	0.367879	0.367879	0.367879	0.367879	0.367879	0.367879	0.367879	0.367879	0.367879	
0.367879	0.367879	0.367879	0.367879	0.367879	0.367879	0.367879	0.367879	0.367879	0.367879	0.367879	0.367879	0.367879	0.367879	0.367879	0.367879	0.367879	0.367879	0.367879	0.367879	0.367879	0.367879	0.367879	0.367879	0.367879	0.418747	0.418747	0.418747	0.418747	0.418747	0.418747	0.418747	0.418747	0.418747	0.418747	0.418747	0.418747	0.418747	0.418747	0.418747	0.418747	0.418747	0.418747	0.418747	0.367879	0.367879	0.367879	0.367879	0.367879	0.367879	0.367879	0.367879	0.367879	0.367879	0.367879	0.367879	0.367879	0.367879	0.367879	0.367879	0.367879	0.367879	0.367879	
0.367879	0.367879	0.367879	0.367879	0.367879	0.367879	0.367879	0.367879	0.367879	0.367879	0.367879	0.367879	0.367879	0.367879	0.367879	0.367879	0.367879	0.367879	0.367879	0.367879	0.367879	0.367879	0.367879	0.367879	0.367879	0.418747	0.418747	0.418747	0.418747	0.418747	0.418747	0.418747	0.418747	0.418747	0.418747	0.418747	0.418747	0.418747	0.418747	0.418747	0.418747	0.418747	0.418747	0.418747	0.367879	0.367879	0.367879	0.367879	0.367879	0.367879	0.367879	0.367879	0.367879	0.367879	0.367879	0.367879	0.367879	0.367879	0.367879	0.367879	0.367879	0.367879	0.367879	
0.367879	0.367879	0.367879	0.367879	0.367879	0.367879	0.367879	0.367879	0.367879	0.367879	0.367879	0.367879	0.367879	0.367879	0.367879	0.367879	0.367879	0.367879	0.367879	0.367879	0.367879	0.367879	0.367879	0.367879	0.367879	0.418747	0.418747	0.418747	0.418747	0.418747	0.418747	0.418747	0.418747	0.418747	0.418747	0.418747	0.418747	0.418747	0.418747	0.418747	0.418747	0.418747	0.418747	0.418747	0.367879	0.367879	0.367879	0.367879	0.367879	0.367879	0.367879	0.367879	0.367879	0.367879	0.367879	0.367879	0.367879	0.367879	0.367879	0.367879	0.367879	0.367879	0.367879	
0.367879	0.367879	0.367879	0.367879	0.367879	0.367879	0.367879	0.367879	0.367879	0.367879	0.367879	0.367879	0.367879	0.367879	0.367879	0.367879	0.367879	0.367879	0.367879	0.367879	0.367879	0.367879	0.367879	0.367879	0.367879	0.418747	0.418747	0.418747	0.418747	0.418747	0.418747	0.418747	0.418747	0.418747	0.418747	0.418747	0.418747	0.418747	0.418747	0.418747	0.418747	0.418747	1.61932	1.61932	0.367879	0.367879	0.367879	0.367879	0.367879	0.367879	0.367879	0.367879	0.367879	0.367879	0.367879	0.367879	0.367879	0.367879	0.367879	0.367879	0.367879	0.367879	0.367879	
0.367879	0.367879	0.367879	0.367879	0.367879	0.367879	0.367879	0.367879	0.367879	0.367879	0.367879	0.367879	0.367879	0.367879	0.367879	0.367879	0.367879	0.367879	0.367879	0.367879	0.367879	0.367879	0.367879	0.367879	0.367879	0.418747	0.418747	0.418747	0.418747	0.418747	0.418747	0.418747	0.418747	0.418747	0.418747	0.418747	0.418747	0.418747	0.418747	0.418747	1.16884	1.16884	4.51996	1.61932	0.367879	0.367879	0.367879	0.367879	0.367879	0.367879	0.367879	0.367879	0.367879	0.367879	0.367879	0.367879	0.367879	0.367879	0.367879	0.367879	0.367879	0.367879	0.367879	
0.367879	0.367879	0.367879	0.367879	0.367879	0.367879	0.367879	0.367879	0.367879	0.367879	0.367879	0.367879	0.367879	0.367879	0.367879	0.367879	0.367879	0.367879	0.367879	0.367879	0.367879	0.367879	0.367879	0.367879	0.367879	0.367879	0.367879	0.367879	0.367879	0.367879	0.367879	0.367879	0.367879	0.367879	0.367879	0.367879	0.367879	0.367879	0.367879	0.367879	1.02685	1.02685	3.9709	1.42261	0.367879	0.367879	0.367879	0.367879	0.367879	0.367879	0.367879	0.367879	0.367879	0.367879	0.367879	0.367879	0.367879	0.367879	0.367879	0.367879	0.367879	0.367879	0.367879	
0.367879	0.367879	0.367879	0.367879	0.367879	0.367879	0.367879	0.367879	0.367879	0.367879	0.367879	0.367879	0.367879	0.367879	0.367879	0.367879	0.367879	0.367879	0.367879	0.367879	0.367879	0.367879	0.367879	0.367879	0.367879	0.367879	0.367879	0.367879	0.367879	0.367879	0.367879	0.367879	0.367879	0.367879	0.367879	0.367879	0.367879	0.367879	0.367879	0.367879	1.02685	1.02685	1.02685	0.367879	0.367879	0.367879	0.367879	0.367879	0.367879	0.367879	0.367879	0.367879	0.367879	0.367879	0.367879	0.367879	0.367879	0.367879	0.367879	0.367879	0.367879	0.367879	0.367879	
0.367879	0.367879	0.367879	0.367879	0.367879	0.367879	0.367879	0.367879	0.367879	0.367879	0.367879	0.367879	0.367879	0.367879	0.367879	0.367879	0.367879	0.367879	0.367879	0.367879	0.367879	0.367879	0.367879	0.367879	0.367879	0.367879	0.367879	0.367879	0.367879	0.367879	0.367879	0.367879	0.367879	0.367879	0.367879	0.367879	0.367879	0.367879	0.367879	0.367879	0.367879	0.367879	0.367879	0.367879	0.367879	0.367879	0.367879	0.367879	0.367879	0.367879	0.367879	0.367879	0.367879	0.367879	0.367879	0.367879	0.367879	0.367879	0.367879	0.367879	0.367879	0.367879	0.367879	
0.367879	0.367879	0.367879	0.367879	0.367879	0.367879	0.367879	0.367879	0.367879	0.367879	0.367879	0.367879	0.367879	0.367879	0.367879	0.367879	0.367879	0.367879	0.367879	0.367879	0.367879	0.367879	0.367879	0.367879	0.367879	0.367879	0.367879	0.367879	0.367879	0.367879	0.367879	0.367879	0.367879	0.367879	0.367879	0.367879	0.367879	0.367879	0.367879	0.367879	0.367879	0.367879	0.367879	0.367879	0.367879	0.367879	0.367879	0.367879	0.367879	0.367879	0.367879	0.367879	0.367879	0.367879	0.367879	0.367879	0.367879	0.367879	0.367879	0.367879	0.367879	0.367879	0.367879	
0.367879	0.367879	0.367879	0.367879	0.367879	0.367879	0.367879	0.367879	0.367879	0.367879	0.367879	0.367879	0.367879	0.367879	0.367879	0.367879	0.367879	0.367879	0.367879	0.367879	0.367879	0.367879	0.367879	0.367879	0.367879	0.367879	0.367879	0.367879	0.367879	0.367879	0.367879	0.367879	0.367879	0.367879	0.367879	0.367879	0.367879	0.367879	0.367879	0.367879	0.367879	0.367879	0.367879	0.367879	0.367879	0.367879	0.367879	0.367879	0.367879	0.367879	0.367879	0.367879	0.367879	0.367879	0.367879	0.367879	0.367879	0.367879	0.367879	0.367879	0.367879	0.367879	0.367879	
0.367879	0.367879	0.367879	0.367879	0.367879	0.367879	0.367879	0.367879	0.367879	0.367879	0.367879	0.367879	0.367879	0.367879	0.367879	0.367879	0.367879	0.367879	0.367879	0.367879	0.367879	0.367879	0.367879	0.367879	0.367879	0.367879	0.367879	0.367879	0.367879	0.367879	0.367879	0.367879	0.367879	0.367879	0.367879	0.367879	0.367879	0.367879	0.367879	0.367879	0.367879	0.367879	0.367879	0.367879	0.367879	0.367879	0.367879	0.367879	0.367879	0.367879	0.367879	0.367879	0.367879	0.367879	0.367879	0.367879	0.367879	0.367879	0.367879	0.367879	0.367879	0.367879	0.367879	
0.367879	0.367879	0.367879	0.367879	0.367879	0.367879	0.367879	0.367879	0.367879	0.367879	0.367879	0.367879	0.367879	0.367879	0.367879	0.367879	0.367879	0.367879	0.367879	0.367879	0.367879	0.367879	0.367879	0.367879	0.367879	0.367879	0.367879	0.367879	0.367879	0.367879	0.367879	0.367879	0.367879	0.367879	0.367879	0.367879	0.367879	0.367879	0.367879	0.367879	0.367879	0.367879	0.367879	0.367879	0.367879	0.367879	0.367879	0.367879	0.367879	0.367879	0.367879	0.367879	0.367879	0.367879	0.367879	0.367879	0.367879	0.367879	0.367879	0.367879	0.367879	0.367879	0.367879	
0.367879	0.367879	0.367879	0.367879	0.367879	0.367879	0.367879	0.367879	0.367879	0.367879	0.367879	0.367879	0.367879	0.367879	0.367879	0.367879	0.367879	0.367879	0.367879	0.367879	0.367879	0.367879	0.367879	0.367879	0.367879	0.367879	0.367879	0.367879	0.367879	0.367879	0.367879	0.367879	0.367879	0.367879	0.367879	0.367879	0.367879	0.367879	0.367879	0.367879	0.367879	0.367879	0.367879	0.367879	0.367879	0.367879	0.367879	0.367879	0.367879	0.367879	0.367879	0.367879	0.367879	0.367879	0.367879	0.367879	0.367879	0.367879	0.367879	0.367879	0.367879	0.367879	0.367879	
0.367879	0.367879	0.367879	0.367879	0.367879	0.367879	0.367879	0.367879	0.367879	0.367879	0.367879	0.367879	0.367879	0.367879	0.367879	0.367879	0.367879	0.367879	0.367879	0.367879	0.367879	0.367879	0.367879	0.367879	0.367879	0.367879	0.367879	0.367879	0.367879	0.367879	0.367879	0.367879	0.367879	0.367879	0.367879	0.367879	0.367879	0.367879	0.367879	0.367879	0.367879	0.367879	0.367879	0.367879	0.367879	0.367879	0.367879	0.367879	0.367879	0.367879	0.367879	0.367879	0.367879	0.367879	0.367879	0.367879	0.367879	0.367879	0.367879	0.367879	0.367879	0.367879	0.367879	
0.367879	0.367879	0.367879	0.367879	0.367879	0.367879	0.367879	0.367879	0.367879	0.367879	0.367879	0.367879	0.367879	0.367879	0.367879	0.367879	0.367879	0.367879	0.367879	0.367879	0.367879	0.367879	0.367879	0.367879	0.367879	0.367879	0.367879	0.367879	0.367879	0.367879	0.367879	0.367879	0.367879	0.367879	0.367879	0.367879	0.367879	0.367879	0.367879	0.367879	0.367879	0.367879	0.367879	0.367879	0.367879	0.367879	0.367879	0.367879	0.367879	0.367879	0.367879	0.367879	0.367879	0.367879	0.367879	0.367879	0.367879	0.367879	0.367879	0.367879	0.367879	0.367879	0.367879	
0.367879	0.367879	0.367879	0.367879	0.367879	0.367879	0.367879	0.367879	0.367879	0.367879	0.367879	0.367879	0.367879	0.367879	0.367879	0.367879	0.367879	0.367879	0.367879	0.367879	0.367879	0.367879	0.367879	0.367879	0.367879	0.367879	0.367879	0.367879	0.367879	0.367879	0.367879	0.367879	0.367879	0.367879	0.367879	0.367879	0.367879	0.367879	0.367879	0.367879	0.367879	0.367879	0.367879	0.367879	0.367879	0.367879	0.367879	0.367879	0.367879	0.367879	0.367879	0.367879	0.367879	0.367879	0.367879	0.367879	0.367879	0.367879	0.367879	0.367879	0.367879	0.367879	0.367879	
0.367879	0.367879	0.367879	0.367879	0.367879	0.367879	0.367879	0.367879	0.367879	0.367879	0.367879	0.367879	0.367879	0.367879	0.367879	0.367879	0.367879	0.367879	0.367879	0.367879	0.367879	0.367879	0.367879	0.367879	0.367879	0.367879	0.367879	0.367879	0.367879	0.367879	0.367879	0.367879	0.367879	0.367879	0.367879	0.367879	0.367879	0.367879	0.367879	0.367879	0.367879	0.367879	0.367879	0.367879	0.367879	0.367879	0.367879	0.367879	0.367879	0.367879	0.367879	0.367879	0.367879	0.367879	0.367879	0.367879	0.367879	0.367879	0.367879	0.367879	0.367879	0.367879	0.367879	
0.367879	0.367879	0.367879	0.367879	0.367879	0.367879	0.367879	0.367879	0.367879	0.367879	0.367879	0.367879	0.367879	0.367879	0.367879	0.367879	0.367879	0.367879	0.367879	0.367879	0.367879	0.367879	0.367879	0.367879	0.367879	0.367879	0.367879	0.367879	0.367879	0.367879	0.367879	0.367879	0.367879	0.367879	0.367879	0.367879	0.367879	0.367879	0.367879	0.367879	0.367879	0.367879	0.367879	0.367879	0.367879	0.367879	0.367879	0.367879	0.367879	0.367879	0.367879	0.367879	0.367879	0.367879	0.367879	0.367879	0.367879	0.367879	0.367879	0.367879	0.367879	0.367879	0.367879	
0.367879	0.367879	0.367879	0.367879	0.367879	0.367879	0.367879	0.506024	0.506024	0.506024	0.506024	0.506024	0.506024	0.506024	0.506024	0.506024	0.506024	0.506024	0.506024	0.506024	0.506024	0.506024	0.506024	0.506024	0.506024	0.506024	0.506024	0.506024	0.506024	0.506024	0.506024	0.506024	0.506024	0.506024	0.506024	0.506024	0.506024	0.367879	0.367879	0.367879	0.367879	0.367879	0.367879	0.367879	0.367879	0.367879	0.367879	0.367879	0.367879	0.367879	0.367879	0.367879	0.367879	0.367879	0.367879	0.367879	0.367879	0.367879	0.367879	0.367879	0.367879	0.367879	0.367879	
0.367879	0.367879	0.367879	0.367879	0.367879	0.367879	0.367879	0.506024	0.506024	0.506024	0.506024	0.506024	0.506024	0.506024	0.506024	0.506024	0.506024	0.506024	0.506024	0.506024	0.506024	0.506024	0.506024	0.506024	0.506024	0.506024	0.506024	0.506024	0.506024	0.506024	0.506024	0.506024	0.506024	0.506024	0.506024	0.506024	0.506024	0.367879	0.367879	0.367879	0.367879	0.367879	0.367879	0.367879	0.367879	0.367879	0.367879	0.367879	0.367879	0.367879	0.367879	0.367879	0.367879	0.367879	0.367879	0.367879	0.367879	0.367879	0.367879	0.367879	0.367879	0.367879	0.367879	
0.367879	0.367879	0.367879	0.367879	0.367879	0.367879	0.367879	0.506024	0.506024	0.506024	0.506024	0.506024	0.506024	0.506024	0.506024	0.506024	0.506024	0.506024	0.506024	0.506024	0.506024	0.506024	0.506024	0.506024	0.506024	0.506024	0.506024	0.506024	0.506024	0.506024	0.506024	0.506024	0.506024	0.506024	0.506024	0.506024	0.506024	0.367879	0.367879	0.367879	0.367879	0.367879	0.367879	0.367879	0.367879	0.367879	0.367879	0.367879	0.367879	0.367879	0.367879	0.367879	0.367879	0.367879	0.367879	0.367879	0.367879	0.367879	0.367879	0.367879	0.367879	0.367879	0.367879	
0.367879	0.367879	0.367879	0.367879	0.367879	0.367879	0.367879	0.506024	0.506024	0.506024	0.506024	0.506024	0.506024	0.506024	0.506024	0.506024	0.506024	0.506024	0.506024	0.506024	0.506024	0.506024	0.506024	0.506024	0.506024	0.506024	0.506024	0.506024	0.506024	0.506024	0.506024	0.506024	0.506024	0.506024	0.506024	0.506024	0.506024	0.367879	0.367879	0.367879	0.367879	0.367879	0.367879	0.367879	0.367879	0.367879	0.367879	0.367879	0.367879	0.367879	0.367879	0.367879	0.367879	0.367879	0.367879	0.367879	0.367879	0.367879	0.367879	0.367879	0.367879	0.367879	0.367879	
0.367879	0.367879	0.367879	0.367879	0.367879	0.367879	0.367879	0.367879	0.367879	0.367879	0.367879	0.367879	0.367879	0.367879	0.367879	0.367879	0.367879	0.367879	0.367879	0.367879	0.367879	0.367879	0.367879	0.367879	0.367879	0.367879	0.367879	0.367879	0.367879	0.367879	0.367879	0.367879	0.367879	0.367879	0.367879	0.367879	0.367879	0.367879	0.367879	0.367879	0.367879	0.367879	0.367879	0.367879	0.367879	0.367879	0.367879	0.367879	0.367879	0.367879	0.367879	0.367879	0.367879	0.367879	0.367879	0.367879	0.367879	0.367879	0.367879	0.367879	0.367879	0.367879	0.367879	
0.367879	0.367879	0.367879	0.367879	0.367879	0.367879	0.367879	0.367879	0.367879	0.367879	0.367879	0.367879	0.367879	0.367879	0.367879	0.367879	0.367879	0.367879	0.367879	0.367879	0.367879	0.367879	0.367879	0.367879	0.367879	0.367879	0.367879	0.367879	0.367879	0.367879	0.367879	0.367879	0.367879	0.367879	0.367879	0.367879	0.367879	0.367879	0.367879	0.367879	0.367879	0.367879	0.367879	0.367879	0.367879	0.367879	0.367879	0.367879	0.367879	0.367879	0.367879	0.367879	0.367879	0.367879	0.367879	0.367879	0.367879	0.367879	0.367879	0.367879	0.367879	0.367879	0.367879	
0.367879	0.367879	0.367879	0.367879	0.367879	0.367879	0.367879	0.367879	0.367879	0.367879	0.367879	0.367879	0.367879	0.367879	0.367879	0.367879	0.367879	0.367879	0.367879	0.367879	0.367879	0.367879	0.367879	0.367879	0.367879	0.367879	0.367879	0.367879	0.367879	0.367879	0.367879	0.367879	0.367879	0.367879	0.367879	0.367879	0.367879	0.367879	0.367879	0.367879	0.367879	0.367879	0.367879	0.367879	0.367879	0.367879	0.367879	0.367879	0.367879	0.367879	0.367879	0.367879	0.367879	0.367879	0.367879	0.367879	0.367879	0.367879	0.367879	0.367879	0.367879	0.367879	0.367879	
0.367879	0.367879	0.367879	0.367879	0.367879	0.367879	0.367879	0.367879	0.367879	0.367879	0.367879	0.367879	0.367879	0.367879	0.367879	0.367879	0.367879	0.367879	0.367879	0.367879	0.367879	0.367879	0.367879	0.367879	0.367879	0.367879	0.367879	0.367879	0.367879	0.367879	0.367879	0.367879	0.367879	0.367879	0.367879	0.367879	0.367879	0.367879	0.367879	0.367879	0.367879	0.367879	0.367879	0.367879	0.367879	0.367879	0.367879	0.367879	0.367879	0.367879	0.367879	0.367879	0.367879	0.367879	0.367879	0.367879	0.367879	0.367879	0.367879	0.367879	0.367879	0.367879	0.367879	
0.367879	0.367879	0.367879	0.367879	0.367879	0.367879	0.367879	0.367879	0.367879	0.367879	0.367879	0.367879	0.367879	0.367879	0.367879	0.367879	0.367879	0.367879	0.367879	0.367879	0.367879	0.367879	0.367879	0.367879	0.367879	0.367879	0.367879	0.367879	0.367879	0.367879	0.367879	0.367879	0.367879	0.367879	0.367879	0.367879	0.367879	0.367879	0.367879	0.367879	0.367879	0.367879	0.367879	0.367879	0.367879	0.367879	0.367879	0.367879	0.367879	0.367879	0.367879	0.367879	0.367879	0.367879	0.367879	0.367879	0.367879	0.367879	0.367879	0.367879	0.367879	0.367879	0.367879	
0.367879	0.367879	0.367879	0.367879	0.367879	0.367879	0.367879	0.367879	0.367879	0.367879	0.367879	0.367879	0.367879	0.367879	0.367879	0.367879	0.367879	0.367879	0.367879	0.367879	0.367879	0.367879	0.367879	0.367879	0.367879	0.367879	0.367879	0.367879	0.367879	0.367879	0.367879	0.367879	0.367879	0.367879	0.367879	0.367879	0.367879	0.367879	0.367879	0.367879	0.367879	0.367879	0.367879	0.367879	0.367879	0.367879	0.367879	0.367879	0.367879	0.367879	0.367879	0.367879	0.367879	0.367879	0.367879	0.367879	0.367879	0.367879	0.367879	0.367879	0.367879	0.367879	0.367879	
0.367879	0.367879	0.367879	0.367879	0.367879	0.367879	0.367879	0.367879	0.367879	0.367879	0.367879	0.367879	0.367879	0.367879	0.367879	0.367879	0.367879	0.367879	0.367879	0.367879	0.367879	0.367879	0.367879	0.367879	0.367879	0.367879	0.367879	0.367879	0.367879	0.367879	0.367879	0.367879	0.367879	0.367879	0.367879	0.367879	0.367879	0.367879	0.367879	0.367879	0.367879	0.367879	0.367879	0.367879	0.367879	0.367879	0.367879	0.367879	0.367879	0.367879	0.367879	0.367879	0.367879	0.367879	0.367879	0.367879	0.367879	0.367879	0.367879	0.367879	0.367879	0.367879	0.367879	
0.367879	0.367879	0.367879	0.367879	0.367879	0.367879	0.367879	0.367879	0.367879	0.367879	0.367879	0.367879	0.367879	0.367879	0.367879	0.367879	0.367879	0.367879	0.367879	0.367879	0.367879	0.367879	0.367879	0.367879	0.367879	0.367879	0.367879	0.367879	0.367879	0.367879	0.367879	0.367879	0.367879	0.367879	0.367879	0.367879	0.367879	0.367879	0.367879	0.367879	0.367879	0.367879	0.367879	0.367879	0.367879	0.367879	0.367879	0.367879	0.367879	0.367879	0.367879	0.367879	0.367879	0.367879	0.367879	0.367879	0.367879	0.367879	0.367879	0.367879	0.367879	0.367879	0.367879	
0.367879	0.367879	0.367879	0.367879	0.367879	0.367879	0.367879	0.367879	0.367879	0.367879	0.367879	0.367879	0.367879	0.367879	0.367879	0.367879	0.367879	0.367879	0.367879	0.367879	0.367879	0.367879	0.367879	0.367879	0.367879	0.367879	0.367879	0.367879	0.367879	0.367879	0.367879	0.367879	0.367879	0.367879	0.367879	0.367879	0.367879	0.367879	0.367879	0.367879	0.367879	0.367879	0.367879	0.367879	0.367879	0.367879	0.367879	0.367879	0.367879	0.367879	0.367879	0.367879	0.367879	0.367879	0.367879	0.367879	0.367879	0.367879	0.367879	0.367879	0.367879	0.367879	0.367879	
0.367879	0.367879	0.367879	0.367879	0.367879	0.367879	0.367879	0.367879	0.367879	0.367879	0.367879	0.367879	0.367879	0.367879	0.367879	0.367879	0.367879	0.367879	0.367879	0.367879	0.367879	0.367879	0.367879	0.367879	0.367879	0.367879	0.367879	0.367879	0.367879	0.367879	0.367879	0.367879	0.367879	0.367879	0.367879	0.367879	0.367879	0.367879	0.367879	0.367879	0.367879	0.367879	0.367879	0.367879	0.367879	0.367879	0.367879	0.367879	0.367879	0.367879	0.367879	0.367879	0.367879	0.367879	0.367879	0.367879	0.367879	0.367879	0.367879	0.367879	0.367879	0.367879	0.367879	
0.367879	0.367879	0.367879	0.367879	0.367879	0.367879	0.367879	0.367879	0.367879	0.367879	0.367879	0.367879	0.367879	0.367879	0.367879	0.367879	0.367879	0.367879	0.367879	0.367879	0.367879	0.367879	0.367879	0.367879	0.367879	0.367879	0.367879	0.367879	0.367879	0.367879	0.367879	0.367879	0.367879	0.367879	0.367879	0.367879	0.367879	0.367879	0.367879	0.367879	0.367879	0.367879	0.367879	0.367879	0.367879	0.367879	0.367879	0.367879	0.367879	0.367879	0.367879	0.367879	0.367879	0.367879	0.367879	0.367879	0.367879	0.367879	0.367879	0.367879	0.367879	0.367879	0.367879	
0.367879	0.367879	0.367879	0.367879	0.367879	0.367879	0.367879	0.367879	0.367879	0.367879	0.367879	0.367879	0.367879	0.367879	0.367879	0.367879	0.367879	0.367879	0.367879	0.367879	0.367879	0.367879	0.367879	0.367879	0.367879	0.367879	0.367879	0.367879	0.367879	0.367879	0.367879	0.367879	0.367879	0.367879	0.367879	0.367879	0.367879	0.367879	0.367879	0.367879	0.367879	0.367879	0.367879	0.367879	0.367879	0.367879	0.367879	0.367879	0.367879	0.367879	0.367879	0.367879	0.367879	0.367879	0.367879	0.367879	0.367879	0.367879	0.367879	0.367879	0.367879	0.367879	0.367879	
0.367879	0.367879	0.367879	0.367879	0.367879	0.367879	0.367879	0.367879	0.367879	0.367879	0.367879	0.367879	0.367879	0.367879	0.367879	0.367879	0.367879	0.367879	0.367879	0.367879	0.367879	0.367879	0.367879	0.367879	0.367879	0.367879	0.367879	0.367879	0.367879	0.367879	0.367879	0.367879	0.367879	0.367879	0.367879	0.367879	0.367879	0.367879	0.367879	0.367879	0.367879	0.367879	0.367879	0.367879	0.367879	0.367879	0.367879	0.367879	0.367879	0.367879	0.367879	0.367879	0.367879	0.367879	0.367879	0.367879	0.367879	0.367879	0.367879	0.367879	0.367879	0.367879	0.367879	
0.367879	0.367879	0.367879	0.367879	0.367879	0.367879	0.367879	0.367879	0.367879	0.367879	0.367879	0.367879	0.367879	0.367879	0.367879	0.367879	0.367879	0.367879	0.367879	0.367879	0.367879	0.367879	0.367879	0.367879	0.367879	0.367879	0.367879	0.367879	0.367879	0.367879	0.367879	0.367879	0.367879	0.367879	0.367879	0.367879	0.367879	0.367879	0.367879	0.367879	0.367879	0.367879	0.367879	0.367879	0.367879	0.367879	0.367879	0.367879	0.367879	0.367879	0.367879	0.367879	0.367879	0.367879	0.367879	0.367879	0.367879	0.367879	0.367879	0.367879	0.367879	0.367879	0.367879	
0.367879	0.367879	0.367879	0.367879	0.367879	0.367879	0.367879	0.367879	0.367879	0.367879	0.367879	0.367879	0.367879	0.367879	0.367879	0.367879	0.367879	0.367879	0.367879	0.367879	0.367879	0.367879	0.367879	0.367879	0.367879	0.367879	0.367879	0.367879	0.367879	0.367879	0.367879	0.367879	0.367879	0.367879	0.367879	0.367879	0.367879	0.367879	0.367879	0.367879	0.367879	0.367879	0.367879	0.367879	0.367879	0.367879	0.367879	0.367879	0.367879	0.367879	0.367879	0.367879	0.367879	0.367879	0.367879	0.367879	0.367879	0.367879	0.367879	0.367879	0.367879	0.367879	0.367879	
