0.367879	0.367879	0.367879	0.367879	0.367879	0.367879	0.367879	0.367879	0.367879	0.367879	0.367879	0.367879	0.367879	0.367879	0.367879	0.367879	0.367879	0.367879	0.367879	0.367879	0.367879	0.367879	0.367879	0.367879	0.367879	0.367879	0.367879	0.367879	0.367879	0.367879	0.367879	0.367879	0.367879	0.367879	0.367879	0.367879	0.367879	0.367879	0.367879	0.367879	0.367879	0.367879	0.367879	0.367879	0.367879	0.367879	0.367879	0.367879	0.367879	0.367879	0.367879	0.367879	0.367879	0.367879	0.367879	0.367879	0.367879	0.367879	0.367879	0.367879	0.367879	0.367879	0.367879	
0.367879	0.367879	0.367879	0.367879	0.367879	0.367879	0.367879	0.367879	0.367879	0.367879	0.367879	0.367879	0.367879	0.367879	0.367879	0.367879	0.367879	0.367879	0.367879	0.367879	0.367879	0.367879	0.367879	0.367879	0.367879	0.367879	0.367879	0.367879	0.367879	0.367879	0.367879	0.367879	0.367879	0.367879	0.367879	0.367879	0.367879	0.367879	0.367879	0.367879	0.367879	0.367879	0.367879	0.367879	0.367879	0.367879	0.367879	0.367879	0.367879	0.367879	0.367879	0.367879	0.367879	0.367879	0.367879	0.367879	0.367879	0.367879	0.367879	0.367879	0.367879	0.367879	0.367879	
0.367879	0.367879	0.367879	0.367879	0.367879	0.367879	0.367879	0.367879	0.367879	0.367879	0.367879	0.367879	0.367879	0.367879	0.367879	0.367879	0.367879	0.367879	0.367879	0.367879	0.367879	0.367879	0.367879	0.367879	0.367879	0.367879	0.367879	0.367879	0.367879	0.367879	0.367879	0.367879	0.367879	0.367879	0.367879	0.367879	0.367879	0.367879	0.367879	0.367879	0.367879	0.367879	0.367879	0.367879	0.367879	0.367879	0.367879	0.367879	0.367879	0.367879	0.367879	0.367879	0.367879	0.367879	0.367879	0.367879	0.367879	0.367879	0.367879	0.367879	0.367879	0.367879	0.367879	
0.367879	0.367879	0.367879	0.367879	0.367879	0.367879	0.367879	0.367879	0.367879	0.367879	0.367879	0.367879	0.367879	0.367879	0.367879	0.367879	0.367879	0.367879	0.367879	0.367879	0.367879	0.367879	0.367879	0.367879	0.367879	0.367879	0.367879	0.367879	0.367879	0.367879	0.367879	0.367879	0.367879	0.367879	0.367879	0.367879	0.367879	0.367879	0.367879	0.367879	0.367879	0.367879	0.367879	0.367879	0.367879	0.367879	0.367879	0.367879	0.367879	0.367879	0.367879	0.367879	0.367879	0.367879	0.367879	0.367879	0.367879	0.367879	0.367879	0.367879	0.367879	0.367879	0.367879	
0.367879	0.367879	0.367879	0.367879	0.367879	0.367879	0.367879	0.367879	0.367879	0.367879	0.367879	0.367879	0.367879	0.367879	0.367879	0.367879	0.367879	0.367879	0.367879	0.367879	0.367879	0.367879	0.367879	0.367879	0.367879	0.367879	0.367879	0.367879	0.367879	0.367879	0.367879	0.367879	0.367879	0.367879	0.367879	0.367879	0.367879	0.367879	0.367879	0.367879	0.367879	0.367879	0.367879	0.367879	0.367879	0.367879	0.367879	0.367879	0.367879	0.367879	0.367879	0.367879	0.367879	0.367879	0.367879	0.367879	0.367879	0.367879	0.367879	0.367879	0.367879	0.367879	0.367879	
0.367879	0.367879	0.367879	0.367879	0.367879	0.367879	0.367879	0.367879	0.367879	0.367879	0.367879	0.367879	0.367879	0.367879	0.367879	0.367879	0.367879	0.367879	0.367879	0.367879	0.367879	0.367879	0.367879	0.367879	0.367879	0.367879	0.367879	0.367879	0.367879	0.367879	0.367879	0.367879	0.367879	0.367879	0.367879	0.367879	0.367879	0.367879	0.367879	0.367879	0.367879	0.367879	0.367879	0.367879	0.367879	0.367879	0.367879	0.367879	0.367879	0.367879	0.367879	0.367879	0.367879	0.367879	0.367879	0.367879	0.367879	0.367879	0.367879	0.367879	0.367879	0.367879	0.367879	
0.367879	0.367879	0.367879	0.367879	0.367879	0.367879	0.367879	0.367879	0.367879	0.367879	0.367879	0.367879	0.367879	0.367879	0.367879	0.367879	0.367879	0.367879	0.367879	0.367879	0.367879	0.367879	0.367879	0.367879	0.367879	0.367879	0.367879	0.367879	0.367879	0.367879	0.367879	0.367879	0.367879	0.367879	0.367879	0.367879	0.367879	0.367879	0.367879	0.367879	0.367879	0.367879	0.367879	0.367879	0.367879	0.367879	0.367879	0.367879	0.367879	0.367879	0.367879	0.367879	0.367879	0.367879	0.367879	0.367879	0.367879	0.367879	0.367879	0.367879	0.367879	0.367879	0.367879	
0.367879	0.367879	0.367879	0.367879	0.367879	0.367879	0.367879	0.367879	0.367879	0.367879	0.367879	0.367879	0.367879	0.367879	0.367879	0.367879	0.367879	0.367879	0.367879	0.367879	0.367879	0.367879	0.367879	0.367879	0.367879	0.367879	0.367879	0.367879	0.367879	0.367879	0.367879	0.367879	0.367879	0.367879	0.367879	0.367879	0.367879	0.367879	0.367879	0.367879	0.367879	0.367879	0.367879	0.367879	0.367879	0.367879	0.367879	0.367879	0.367879	0.367879	0.367879	0.367879	0.367879	0.367879	0.367879	0.367879	0.367879	0.367879	0.367879	0.367879	0.367879	0.367879	0.367879	
0.367879	0.367879	0.367879	0.367879	0.367879	0.367879	0.367879	0.367879	0.367879	0.367879	0.367879	0.367879	0.367879	0.367879	0.367879	0.367879	0.367879	0.367879	0.367879	0.367879	0.367879	0.367879	0.367879	0.367879	0.367879	0.367879	0.367879	0.367879	0.367879	0.367879	0.367879	0.367879	0.367879	0.367879	0.367879	0.367879	0.367879	0.367879	0.367879	0.367879	0.367879	0.367879	0.367879	0.367879	0.367879	0.367879	0.367879	0.367879	0.367879	0.367879	0.367879	0.367879	0.367879	0.367879	0.367879	0.367879	0.367879	0.367879	0.367879	0.367879	0.367879	0.367879	0.367879	
0.367879	0.367879	0.367879	0.367879	0.367879	0.367879	0.367879	0.367879	0.367879	0.367879	0.367879	0.367879	0.367879	0.367879	0.367879	0.367879	0.367879	0.367879	0.367879	0.367879	0.367879	0.367879	0.367879	0.367879	0.367879	0.367879	0.367879	0.367879	0.367879	0.367879	0.367879	0.367879	0.367879	0.367879	0.367879	0.367879	0.367879	0.367879	0.367879	0.367879	0.367879	0.367879	0.367879	0.367879	0.367879	0.367879	0.367879	0.367879	0.367879	0.367879	0.367879	0.367879	0.367879	0.367879	0.367879	0.367879	0.367879	0.367879	0.367879	0.367879	0.367879	0.367879	0.367879	
0.367879	0.367879	0.367879	0.367879	0.367879	0.367879	0.367879	0.367879	0.367879	0.367879	0.367879	0.367879	0.367879	0.367879	0.367879	0.367879	0.367879	0.367879	0.367879	0.367879	0.367879	0.367879	0.367879	0.367879	0.367879	0.367879	0.367879	0.367879	0.367879	0.367879	0.367879	0.367879	0.367879	0.367879	0.367879	0.367879	0.367879	0.367879	0.367879	0.367879	0.367879	0.367879	0.367879	0.367879	0.367879	0.367879	0.367879	0.367879	0.367879	0.367879	0.367879	0.367879	0.367879	0.367879	0.367879	0.367879	0.367879	0.367879	0.367879	0.367879	0.367879	0.367879	0.367879	
0.367879	0.367879	0.367879	0.367879	0.367879	0.367879	0.367879	0.367879	0.367879	0.367879	0.367879	0.367879	0.367879	0.367879	0.367879	0.367879	0.367879	0.367879	0.367879	0.367879	0.367879	0.367879	0.367879	0.367879	0.367879	0.367879	0.367879	0.367879	0.367879	0.367879	0.367879	0.367879	0.367879	0.367879	0.367879	0.367879	0.367879	0.367879	0.367879	0.367879	0.367879	0.367879	0.367879	0.367879	0.367879	0.367879	0.367879	0.367879	0.367879	0.367879	0.367879	0.367879	0.367879	0.367879	0.367879	0.367879	0.367879	0.367879	0.367879	0.367879	0.367879	0.367879	0.367879	
0.367879	0.367879	0.367879	0.367879	0.367879	0.367879	0.367879	0.367879	0.367879	0.367879	0.367879	0.367879	0.367879	0.367879	0.367879	0.367879	0.367879	0.367879	0.367879	0.367879	0.367879	0.367879	0.367879	0.367879	0.367879	0.367879	0.367879	0.367879	0.367879	0.367879	0.367879	0.367879	0.367879	0.367879	0.367879	0.367879	0.367879	0.367879	0.367879	0.367879	0.367879	0.367879	0.367879	0.367879	0.367879	0.367879	0.367879	0.367879	0.367879	0.367879	0.367879	0.367879	0.367879	0.367879	0.367879	0.367879	0.367879	0.367879	0.367879	0.367879	0.367879	0.367879	0.367879	
0.367879	0.367879	0.367879	0.367879	0.367879	0.367879	0.367879	0.367879	0.367879	0.367879	0.367879	0.367879	0.367879	0.367879	0.367879	0.367879	0.367879	0.367879	0.367879	0.367879	0.367879	0.367879	0.367879	0.367879	0.367879	0.367879	0.367879	0.367879	0.367879	0.367879	0.367879	0.367879	0.367879	0.367879	0.367879	0.367879	0.367879	0.367879	0.367879	0.367879	0.367879	0.367879	0.367879	0.367879	0.367879	0.367879	0.367879	0.367879	0.367879	0.367879	0.367879	0.367879	0.367879	0.367879	0.367879	0.367879	0.367879	0.367879	0.367879	0.367879	0.367879	0.367879	0.367879	
0.367879	0.367879	0.367879	0.367879	0.367879	0.367879	0.367879	0.367879	0.367879	0.367879	0.367879	0.367879	0.367879	0.367879	0.367879	0.367879	0.367879	0.367879	0.367879	0.367879	0.367879	0.367879	0.367879	0.367879	0.367879	0.367879	0.367879	0.367879	0.367879	0.367879	0.367879	0.367879	0.367879	0.367879	0.367879	0.367879	0.367879	0.367879	0.367879	0.367879	0.367879	0.367879	0.367879	0.367879	0.367879	0.367879	0.367879	0.367879	0.367879	0.367879	0.367879	0.367879	0.367879	0.367879	0.367879	0.367879	0.367879	0.367879	0.367879	0.367879	0.367879	0.367879	0.367879	
0.367879	0.367879	0.367879	0.367879	0.367879	0.367879	0.367879	0.367879	0.367879	0.367879	0.367879	0.367879	0.367879	0.367879	0.367879	0.367879	0.367879	0.367879	0.367879	0.367879	0.367879	0.367879	0.367879	0.367879	0.367879	0.367879	0.367879	0.367879	0.367879	0.367879	0.367879	0.367879	0.367879	0.367879	0.367879	0.367879	0.367879	0.367879	0.367879	0.367879	0.367879	0.367879	1.42261	1.42261	0.367879	0.367879	0.367879	0.367879	0.367879	0.367879	0.367879	0.367879	0.367879	0.367879	0.367879	0.367879	0.367879	0.367879	0.367879	0.367879	0.367879	0.367879	0.367879	
0.38939	0.38939	0.38939	0.38939	0.38939	0.38939	0.38939	0.38939	0.38939	0.38939	0.38939	0.38939	0.38939	0.38939	0.38939	0.38939	0.38939	0.38939	0.38939	0.38939	0.38939	0.38939	0.38939	0.38939	0.38939	0.38939	0.38939	0.38939	0.38939	0.38939	0.38939	0.38939	0.38939	0.38939	0.38939	0.38939	0.38939	0.38939	0.38939	0.38939	1.08689	1.08689	4.20308	1.50579	0.38939	0.38939	0.38939	0.38939	0.38939	0.367879	0.367879	0.367879	0.367879	0.367879	0.367879	0.367879	0.367879	0.367879	0.367879	0.367879	0.367879	0.367879	0.367879	
0.38939	0.38939	0.38939	0.38939	0.38939	0.38939	0.38939	0.38939	0.38939	0.38939	0.38939	0.38939	0.38939	0.38939	0.38939	0.38939	0.38939	0.38939	0.38939	0.38939	0.38939	0.38939	0.38939	0.38939	0.38939	0.38939	0.38939	0.38939	0.38939	0.38939	0.38939	0.38939	0.38939	0.38939	0.38939	0.38939	0.38939	0.38939	0.38939	0.38939	1.08689	1.08689	4.20308	1.50579	0.38939	0.38939	0.38939	0.38939	0.38939	0.367879	0.367879	0.367879	0.367879	0.367879	0.367879	0.367879	0.367879	0.367879	0.367879	0.367879	0.367879	0.367879	0.367879	
0.38939	0.38939	0.38939	0.38939	0.38939	0.38939	0.38939	0.38939	0.38939	0.38939	0.38939	0.38939	0.38939	0.38939	0.38939	0.38939	0.38939	0.38939	0.38939	0.38939	0.38939	0.38939	0.38939	0.38939	0.38939	0.38939	0.38939	0.38939	0.38939	0.38939	0.38939	0.38939	0.38939	0.38939	0.38939	0.38939	0.38939	0.38939	0.38939	0.38939	1.08689	1.08689	1.08689	0.38939	0.38939	0.38939	0.38939	0.38939	0.38939	0.367879	0.367879	0.367879	0.367879	0.367879	0.367879	0.367879	0.367879	0.367879	0.367879	0.367879	0.367879	0.367879	0.367879	
0.38939	0.38939	0.38939	0.38939	0.38939	0.38939	0.38939	0.38939	0.38939	0.38939	0.38939	0.38939	0.38939	0.38939	0.38939	0.38939	0.38939	0.38939	0.38939	0.38939	0.38939	0.38939	0.38939	0.38939	0.38939	0.38939	0.38939	0.38939	0.38939	0.38939	0.38939	0.38939	0.38939	0.38939	0.38939	0.38939	0.38939	0.38939	0.38939	0.38939	0.38939	0.38939	0.38939	0.38939	0.38939	0.38939	0.38939	0.38939	0.38939	0.367879	0.367879	0.367879	0.367879	0.367879	0.367879	0.367879	0.367879	0.367879	0.367879	0.367879	0.367879	0.367879	0.367879	
0.38939	0.38939	0.38939	0.38939	0.38939	0.38939	0.38939	0.38939	0.38939	0.38939	0.38939	0.38939	0.38939	0.38939	0.38939	0.38939	0.38939	0.38939	0.38939	0.38939	0.38939	0.38939	0.38939	0.38939	0.38939	0.38939	0.38939	0.38939	0.38939	0.38939	0.38939	0.38939	0.38939	0.38939	0.38939	0.38939	0.38939	0.38939	0.38939	0.38939	0.38939	0.38939	0.38939	0.38939	0.38939	0.38939	0.38939	0.38939	0.38939	0.367879	0.367879	0.367879	0.367879	0.367879	0.367879	0.367879	0.367879	0.367879	0.367879	0.367879	0.367879	0.367879	0.367879	
0.38939	0.38939	0.38939	0.38939	0.38939	0.38939	0.38939	0.38939	0.38939	0.38939	0.38939	0.38939	0.38939	0.38939	0.38939	0.38939	0.38939	0.38939	0.38939	0.38939	0.38939	0.38939	0.38939	0.38939	0.38939	0.38939	0.38939	0.38939	0.38939	0.38939	0.38939	0.38939	0.38939	0.38939	0.38939	0.38939	0.38939	0.38939	0.38939	0.38939	0.38939	0.38939	0.38939	0.38939	0.38939	0.38939	0.38939	0.38939	0.38939	0.367879	0.367879	0.367879	0.367879	0.367879	0.367879	0.367879	0.367879	0.367879	0.367879	0.367879	0.367879	0.367879	0.367879	
0.38939	0.38939	0.38939	0.38939	0.38939	0.38939	0.38939	0.38939	0.38939	0.38939	0.38939	0.38939	0.38939	0.38939	0.38939	0.38939	0.38939	0.38939	0.38939	0.38939	0.38939	0.38939	0.38939	0.38939	0.38939	0.38939	0.38939	0.38939	0.38939	0.38939	0.38939	0.38939	0.38939	0.38939	0.38939	0.38939	0.38939	0.38939	0.38939	0.38939	0.38939	0.38939	0.38939	0.38939	0.38939	0.38939	0.38939	0.38939	0.38939	0.367879	0.367879	0.367879	0.367879	0.367879	0.367879	0.367879	0.367879	0.367879	0.367879	0.367879	0.367879	0.367879	0.367879	
0.38939	0.38939	0.38939	0.38939	0.38939	0.38939	0.38939	0.38939	0.38939	0.38939	0.38939	0.38939	0.38939	0.38939	0.38939	0.38939	0.38939	0.38939	0.38939	0.38939	0.38939	0.38939	0.38939	0.38939	0.38939	0.38939	0.38939	0.38939	0.38939	0.38939	0.38939	0.38939	0.38939	0.38939	0.38939	0.38939	0.38939	0.38939	0.38939	0.38939	0.38939	0.38939	0.38939	0.38939	0.38939	0.38939	0.38939	0.38939	0.38939	0.367879	0.367879	0.367879	0.367879	0.367879	0.367879	0.367879	0.367879	0.367879	0.367879	0.367879	0.367879	0.367879	0.367879	
0.38939	0.38939	0.38939	0.38939	0.38939	0.38939	0.38939	0.38939	0.38939	0.38939	0.38939	0.38939	0.38939	0.38939	0.38939	0.38939	0.38939	0.38939	0.38939	0.38939	0.38939	0.38939	0.38939	0.38939	0.38939	0.38939	0.38939	0.38939	0.38939	0.38939	0.38939	0.38939	0.38939	0.38939	0.38939	0.38939	0.38939	0.38939	0.38939	0.38939	0.38939	0.38939	0.38939	0.38939	0.38939	0.38939	0.38939	0.38939	0.38939	0.367879	0.367879	0.367879	0.367879	0.367879	0.367879	0.367879	0.367879	0.367879	0.367879	0.367879	0.367879	0.367879	0.367879	
0.38939	0.38939	0.38939	0.38939	0.38939	0.38939	0.38939	0.38939	0.38939	0.38939	0.38939	0.38939	0.38939	0.38939	0.38939	0.38939	0.38939	0.38939	0.38939	0.38939	0.38939	0.38939	0.38939	0.38939	0.38939	0.38939	0.38939	0.38939	0.38939	0.38939	0.38939	0.38939	0.38939	0.38939	0.38939	0.38939	0.38939	0.38939	0.38939	0.38939	0.38939	0.38939	0.38939	0.38939	0.38939	0.38939	0.38939	0.38939	0.38939	0.367879	0.367879	0.367879	0.367879	0.367879	0.367879	0.367879	0.367879	0.367879	0.367879	0.367879	0.367879	0.367879	0.367879	
0.38939	0.38939	0.38939	0.38939	0.38939	0.38939	0.38939	0.38939	0.38939	0.38939	0.38939	0.38939	0.38939	0.38939	0.38939	0.38939	0.38939	0.38939	0.38939	0.38939	0.38939	0.38939	0.38939	0.38939	0.38939	0.38939	0.38939	0.38939	0.38939	0.38939	0.38939	0.38939	0.38939	0.38939	0.38939	0.38939	0.38939	0.38939	0.38939	0.38939	0.38939	0.38939	0.38939	0.38939	0.38939	0.38939	0.38939	0.38939	0.38939	0.367879	0.367879	0.367879	0.367879	0.367879	0.367879	0.367879	0.367879	0.367879	0.367879	0.367879	0.367879	0.367879	0.367879	
0.38939	0.38939	0.38939	0.38939	0.38939	0.38939	0.38939	0.38939	0.38939	0.38939	0.38939	0.38939	0.38939	0.38939	0.38939	0.38939	0.38939	0.38939	0.38939	0.38939	0.38939	0.38939	0.38939	0.38939	0.38939	0.38939	0.38939	0.38939	0.38939	0.38939	0.38939	0.38939	0.38939	0.38939	0.38939	0.38939	0.38939	0.38939	0.38939	0.38939	0.38939	0.38939	0.38939	0.38939	0.38939	0.38939	0.38939	0.38939	0.38939	0.367879	0.367879	0.367879	0.367879	0.367879	0.367879	0.367879	0.367879	0.367879	0.367879	0.367879	0.367879	0.367879	0.367879	
0.38939	0.38939	0.38939	0.38939	0.38939	0.38939	0.38939	0.38939	0.38939	0.38939	0.38939	0.38939	0.38939	0.38939	0.38939	0.38939	0.38939	0.38939	0.38939	0.38939	0.38939	0.38939	0.38939	0.38939	0.38939	0.38939	0.38939	0.38939	0.38939	0.38939	0.38939	0.38939	0.38939	0.38939	0.38939	0.38939	0.38939	0.38939	0.38939	0.38939	0.38939	0.38939	0.38939	0.38939	0.38939	0.38939	0.38939	0.38939	0.38939	0.367879	0.367879	0.367879	0.367879	0.367879	0.367879	0.367879	0.367879	0.367879	0.367879	0.367879	0.367879	0.367879	0.367879	
0.38939	0.38939	0.38939	0.38939	0.38939	0.38939	0.38939	0.38939	0.38939	0.38939	0.38939	0.38939	0.38939	0.38939	0.38939	0.38939	0.38939	0.38939	0.38939	0.38939	0.38939	0.38939	0.38939	0.38939	0.38939	0.38939	0.38939	0.38939	0.38939	0.38939	0.38939	0.38939	0.38939	0.38939	0.38939	0.38939	0.38939	0.38939	0.38939	0.38939	0.38939	0.38939	0.38939	0.38939	0.38939	0.38939	0.38939	0.38939	0.38939	0.367879	0.367879	0.367879	0.367879	0.367879	0.367879	0.367879	0.367879	0.367879	0.367879	0.367879	0.367879	0.367879	0.367879	
0.38939	0.38939	0.38939	0.38939	0.38939	0.38939	0.38939	0.38939	0.38939	0.38939	0.38939	0.38939	0.38939	0.38939	0.38939	0.38939	0.38939	0.38939	0.38939	0.38939	0.38939	0.38939	0.38939	0.38939	0.38939	0.38939	0.38939	0.38939	0.38939	0.38939	0.38939	0.38939	0.38939	0.38939	0.38939	0.38939	0.38939	0.38939	0.38939	0.38939	0.38939	0.38939	0.38939	0.38939	0.38939	0.38939	0.38939	0.38939	0.38939	0.367879	0.367879	0.367879	0.367879	0.367879	0.367879	0.367879	0.367879	0.367879	0.367879	0.367879	0.367879	0.367879	0.367879	
0.38939	0.38939	0.38939	0.38939	0.38939	0.38939	0.38939	0.38939	0.38939	0.38939	0.38939	0.38939	0.38939	0.38939	0.38939	0.38939	0.38939	0.38939	0.38939	0.38939	0.38939	0.38939	0.38939	0.38939	0.38939	0.38939	0.38939	0.38939	0.38939	0.38939	0.38939	0.38939	0.38939	0.38939	0.38939	0.38939	0.38939	0.38939	0.38939	0.38939	0.38939	0.38939	0.38939	0.38939	0.38939	0.38939	0.38939	0.38939	0.38939	0.367879	0.367879	0.367879	0.367879	0.367879	0.367879	0.367879	0.367879	0.367879	0.367879	0.367879	0.367879	0.367879	0.367879	
0.38939	0.38939	0.38939	0.38939	0.38939	0.38939	0.38939	0.38939	0.38939	0.38939	0.38939	0.38939	0.38939	0.38939	0.38939	0.38939	0.38939	0.38939	0.38939	0.38939	0.38939	3.89866	0.38939	0.38939	0.38939	0.38939	0.38939	0.38939	0.38939	0.38939	0.38939	0.38939	0.38939	0.38939	0.38939	0.38939	0.38939	0.38939	0.38939	0.38939	0.38939	0.38939	0.38939	0.38939	0.38939	0.38939	0.38939	0.38939	0.38939	0.367879	0.367879	0.367879	0.367879	0.367879	0.367879	0.367879	0.367879	0.367879	0.367879	0.367879	0.367879	0.367879	0.367879	
0.38939	0.38939	0.38939	0.38939	0.38939	0.38939	0.38939	0.38939	0.38939	0.38939	0.38939	0.38939	0.38939	0.38939	0.38939	0.38939	0.38939	0.38939	0.38939	0.38939	0.38939	3.89866	0.38939	0.38939	0.38939	0.38939	0.38939	0.38939	0.38939	0.38939	0.38939	0.38939	0.38939	0.38939	0.38939	0.38939	0.38939	0.38939	0.38939	0.38939	0.38939	0.38939	0.38939	0.38939	0.38939	0.38939	0.38939	0.38939	0.38939	0.367879	0.367879	0.367879	0.367879	0.367879	0.367879	0.367879	0.367879	0.367879	0.367879	0.367879	0.367879	0.367879	0.367879	
0.38939	0.38939	0.38939	0.38939	0.38939	0.38939	0.38939	0.38939	0.38939	0.38939	0.38939	0.38939	0.38939	0.38939	0.38939	0.38939	0.38939	0.38939	0.38939	0.38939	0.38939	3.89866	0.38939	0.38939	0.38939	0.38939	0.38939	0.38939	0.38939	0.38939	0.38939	0.38939	0.38939	0.38939	0.38939	0.38939	0.38939	0.38939	0.38939	0.38939	0.38939	0.38939	0.38939	0.38939	0.38939	0.38939	0.38939	0.38939	0.38939	0.367879	0.367879	0.367879	0.367879	0.367879	0.367879	0.367879	0.367879	0.367879	0.367879	0.367879	0.367879	0.367879	0.367879	
0.38939	0.38939	0.38939	0.38939	0.38939	0.38939	0.38939	0.38939	0.38939	0.38939	0.38939	0.38939	0.38939	0.38939	0.38939	0.38939	0.38939	0.38939	0.38939	0.38939	0.38939	3.89866	0.38939	0.38939	0.38939	0.38939	0.38939	0.38939	0.38939	0.38939	0.38939	0.38939	0.38939	0.38939	0.38939	0.38939	0.38939	0.38939	0.38939	0.38939	0.38939	0.38939	0.38939	0.38939	0.38939	0.38939	0.38939	0.38939	0.38939	0.367879	0.367879	0.367879	0.367879	0.367879	0.367879	0.367879	0.367879	0.367879	0.367879	0.367879	0.367879	0.367879	0.367879	
0.38939	0.38939	0.38939	0.38939	0.38939	0.38939	0.38939	0.38939	0.38939	0.38939	0.38939	0.38939	0.38939	0.38939	0.38939	0.38939	0.38939	0.38939	0.38939	0.38939	0.38939	3.89866	0.38939	0.38939	0.38939	0.38939	0.38939	0.38939	0.38939	0.38939	0.38939	0.38939	0.38939	0.38939	0.38939	0.38939	0.38939	0.38939	0.38939	0.38939	0.38939	0.38939	0.38939	0.38939	0.38939	0.38939	0.38939	0.38939	0.38939	0.367879	0.367879	0.367879	0.367879	0.367879	0.367879	0.367879	0.367879	0.367879	0.367879	0.367879	0.367879	0.367879	0.367879	
0.38939	0.38939	0.38939	0.38939	0.38939	0.38939	0.38939	0.38939	0.38939	0.38939	0.38939	0.38939	0.38939	0.38939	0.38939	0.38939	0.38939	0.38939	0.38939	0.38939	0.38939	3.89866	0.38939	0.38939	0.38939	0.38939	0.38939	0.38939	0.38939	0.38939	0.38939	0.38939	0.38939	0.38939	0.38939	0.38939	0.38939	0.38939	0.38939	0.38939	0.38939	0.38939	0.38939	0.38939	0.38939	0.38939	0.38939	0.38939	0.38939	0.367879	0.367879	0.367879	0.367879	0.367879	0.367879	0.367879	0.367879	0.367879	0.367879	0.367879	0.367879	0.367879	0.367879	
0.38939	0.38939	0.38939	0.38939	0.38939	0.38939	0.38939	0.38939	0.38939	0.38939	0.38939	0.38939	0.38939	0.38939	0.38939	0.38939	0.38939	0.38939	0.38939	0.38939	0.38939	3.89866	0.38939	0.38939	0.38939	0.38939	0.38939	0.38939	0.38939	0.38939	0.38939	0.38939	0.38939	0.38939	0.38939	0.38939	0.38939	0.38939	0.38939	0.38939	0.38939	0.38939	0.38939	0.38939	0.38939	0.38939	0.38939	0.38939	0.38939	0.367879	0.367879	0.367879	0.367879	0.367879	0.367879	0.367879	0.367879	0.367879	0.367879	0.367879	0.367879	0.367879	0.367879	
0.38939	0.38939	0.38939	0.38939	0.38939	0.38939	0.38939	0.38939	0.38939	0.38939	0.38939	0.38939	0.38939	0.38939	0.38939	0.38939	0.38939	0.38939	0.38939	0.38939	0.38939	3.89866	0.38939	0.38939	0.38939	0.38939	0.38939	0.38939	0.38939	0.38939	0.38939	0.38939	0.38939	0.38939	0.38939	0.38939	0.38939	0.38939	0.38939	0.38939	0.38939	0.38939	0.38939	0.38939	0.38939	0.38939	0.38939	0.38939	0.38939	0.367879	0.367879	0.367879	0.367879	0.367879	0.367879	0.367879	0.367879	0.367879	0.367879	0.367879	0.367879	0.367879	0.367879	
0.38939	0.38939	0.38939	0.38939	0.38939	0.38939	0.38939	0.38939	0.38939	0.38939	0.38939	0.38939	0.38939	0.38939	0.38939	0.38939	0.38939	0.38939	0.38939	0.38939	0.38939	3.89866	0.38939	0.38939	0.38939	0.38939	0.38939	0.38939	0.38939	0.38939	0.38939	0.38939	0.38939	0.38939	0.38939	0.38939	0.38939	0.38939	0.38939	0.38939	0.38939	0.38939	0.38939	0.38939	0.38939	0.38939	0.38939	0.38939	0.38939	0.367879	0.367879	0.367879	0.367879	0.367879	0.367879	0.367879	0.367879	0.367879	0.367879	0.367879	0.367879	0.367879	0.367879	
0.38939	0.38939	0.38939	0.38939	0.38939	0.38939	0.38939	0.38939	0.38939	0.38939	0.38939	0.38939	0.38939	0.38939	0.38939	0.38939	0.38939	0.38939	0.38939	0.38939	0.38939	3.89866	0.38939	0.38939	0.38939	0.38939	0.38939	0.38939	0.38939	0.38939	0.38939	0.38939	0.38939	0.38939	0.38939	0.38939	0.38939	0.38939	0.38939	0.38939	0.38939	0.38939	0.38939	0.38939	0.38939	0.38939	0.38939	0.38939	0.38939	0.367879	0.367879	0.367879	0.367879	0.367879	0.367879	0.367879	0.367879	0.367879	0.367879	0.367879	0.367879	0.367879	0.367879	
0.38939	0.38939	0.38939	0.38939	0.38939	0.38939	0.38939	0.38939	0.38939	0.38939	0.38939	0.38939	0.38939	0.38939	0.38939	0.38939	0.38939	0.38939	0.38939	0.38939	0.38939	3.89866	0.38939	0.38939	0.38939	0.38939	0.38939	0.38939	0.38939	0.38939	0.38939	0.38939	0.38939	0.38939	0.38939	0.38939	0.38939	0.38939	0.38939	0.38939	0.38939	0.38939	0.38939	0.38939	0.38939	0.38939	0.38939	0.38939	0.38939	0.367879	0.367879	0.367879	0.367879	0.367879	0.367879	0.367879	0.367879	0.367879	0.367879	0.367879	0.367879	0.367879	0.367879	
0.38939	0.38939	0.38939	0.38939	0.38939	0.38939	0.38939	0.38939	0.38939	0.38939	0.38939	0.38939	0.38939	0.38939	0.38939	0.38939	0.38939	0.38939	0.38939	0.38939	0.38939	3.89866	0.38939	0.38939	0.38939	0.38939	0.38939	0.38939	0.38939	0.38939	0.38939	0.38939	0.38939	0.38939	0.38939	0.38939	0.38939	0.38939	0.38939	0.38939	0.38939	0.38939	0.38939	0.38939	0.38939	0.38939	0.38939	0.38939	0.38939	0.367879	0.367879	0.367879	0.367879	0.367879	0.367879	0.367879	0.367879	0.367879	0.367879	0.367879	0.367879	0.367879	0.367879	
0.38939	0.38939	0.38939	0.38939	0.38939	0.38939	0.38939	0.38939	0.38939	0.38939	0.38939	0.38939	0.38939	0.38939	0.38939	0.38939	0.38939	0.38939	0.38939	0.38939	0.38939	3.89866	0.38939	0.38939	0.38939	0.38939	0.38939	0.38939	0.38939	0.38939	0.38939	0.38939	0.38939	0.38939	0.38939	0.38939	0.38939	0.38939	0.38939	0.38939	0.38939	0.38939	0.38939	0.38939	0.38939	0.38939	0.38939	0.38939	0.38939	0.367879	0.367879	0.367879	0.367879	0.367879	0.367879	0.367879	0.367879	0.367879	0.367879	0.367879	0.367879	0.367879	0.367879	
0.367879	0.367879	0.367879	0.367879	0.367879	0.367879	0.367879	0.367879	0.367879	0.367879	0.367879	0.367879	0.367879	0.367879	0.367879	0.367879	0.367879	0.367879	0.367879	0.367879	0.367879	3.68329	0.367879	0.367879	0.367879	0.367879	0.367879	0.367879	0.367879	0.367879	0.367879	0.367879	0.367879	0.367879	0.367879	0.367879	0.367879	0.367879	0.367879	0.367879	0.367879	0.367879	0.367879	0.367879	0.367879	0.367879	0.367879	0.367879	0.367879	0.367879	0.367879	0.367879	0.367879	0.367879	0.367879	0.367879	0.367879	0.367879	0.367879	0.367879	0.367879	0.367879	0.367879	
0.367879	0.367879	0.367879	0.367879	0.367879	0.367879	0.367879	0.367879	0.367879	0.367879	0.367879	0.367879	0.367879	0.367879	0.367879	0.367879	0.367879	0.367879	0.367879	0.367879	0.367879	0.367879	0.367879	0.367879	0.367879	0.367879	0.367879	0.367879	0.367879	0.367879	0.367879	0.367879	0.367879	0.367879	0.367879	0.367879	0.367879	0.367879	0.367879	0.367879	0.367879	0.367879	0.367879	0.367879	0.367879	0.367879	0.367879	0.367879	0.367879	0.367879	0.367879	0.367879	0.367879	0.367879	0.367879	0.367879	0.367879	0.367879	0.367879	0.367879	0.367879	0.367879	0.367879	
0.367879	0.367879	0.367879	0.367879	0.367879	0.367879	0.367879	0.367879	0.367879	0.367879	0.367879	0.367879	0.367879	0.367879	0.367879	0.367879	0.367879	0.367879	0.367879	0.367879	0.367879	0.367879	0.367879	0.367879	0.367879	0.367879	0.367879	0.367879	0.367879	0.367879	0.367879	0.367879	0.367879	0.367879	0.367879	0.367879	0.367879	0.367879	0.367879	0.367879	0.367879	0.367879	0.367879	0.367879	0.367879	0.367879	0.367879	0.367879	0.367879	0.367879	0.367879	0.367879	0.367879	0.367879	0.367879	0.367879	0.367879	0.367879	0.367879	0.367879	0.367879	0.367879	0.367879	
0.367879	0.367879	0.367879	0.367879	0.367879	0.367879	0.367879	0.367879	0.367879	0.367879	0.367879	0.367879	0.367879	0.367879	0.367879	0.367879	0.367879	0.367879	0.367879	0.367879	0.367879	0.367879	0.367879	0.367879	0.367879	0.367879	0.367879	0.367879	0.367879	0.367879	0.367879	0.367879	0.367879	0.367879	0.367879	0.367879	0.367879	0.367879	0.367879	0.367879	0.367879	0.367879	0.367879	0.367879	0.367879	0.367879	0.367879	0.367879	0.367879	0.367879	0.367879	0.367879	0.367879	0.367879	0.367879	0.367879	0.367879	0.367879	0.367879	0.367879	0.367879	0.367879	0.367879	
