0.367879	0.367879	0.367879	0.367879	0.367879	0.367879	0.367879	0.367879	0.367879	0.367879	0.367879	0.367879	0.367879	0.367879	0.367879	0.367879	0.367879	0.367879	0.367879	0.367879	0.367879	0.367879	0.367879	0.367879	0.38771	0.38771	0.38771	0.38771	0.38771	0.38771	0.38771	0.38771	0.38771	0.38771	0.38771	0.38771	0.38771	0.38771	0.38771	0.38771	0.38771	0.38771	0.38771	0.38771	0.38771	0.38771	0.38771	0.38771	0.38771	0.38771	0.38771	0.38771	0.38771	0.38771	0.38771	0.38771	0.38771	0.38771	0.367879	0.367879	0.367879	0.367879	0.367879	
0.367879	0.367879	0.367879	0.367879	0.367879	0.367879	0.367879	0.367879	0.367879	0.367879	0.367879	0.367879	0.367879	0.367879	0.367879	0.367879	0.367879	0.367879	0.367879	0.367879	0.367879	0.367879	0.367879	0.367879	0.38771	0.38771	0.38771	0.38771	0.38771	0.38771	0.38771	0.38771	0.38771	0.38771	0.38771	0.38771	0.38771	0.38771	0.38771	0.38771	0.38771	0.38771	0.38771	0.38771	0.38771	0.38771	0.38771	0.38771	0.38771	0.38771	0.38771	0.38771	0.38771	0.38771	0.38771	0.38771	0.38771	0.38771	0.367879	0.367879	0.367879	0.367879	0.367879	
0.367879	0.367879	0.367879	0.367879	0.367879	0.367879	0.367879	0.367879	0.367879	0.367879	0.367879	0.367879	0.367879	0.367879	0.367879	0.367879	0.367879	0.367879	0.367879	0.367879	0.367879	3.13929	3.13929	3.13929	5.09123	5.09123	5.09123	5.09123	5.09123	5.09123	5.09123	5.09123	5.09123	5.09123	5.09123	5.09123	5.09123	5.09123	5.09123	5.09123	5.86634	5.86634	5.86634	5.86634	5.86634	5.86634	5.86634	5.86634	5.86634	5.86634	5.09123	5.09123	5.09123	3.30851	3.30851	3.30851	0.38771	0.38771	0.367879	0.367879	0.367879	0.367879	0.367879	
0.367879	0.367879	0.367879	0.367879	0.367879	0.367879	0.367879	0.43482	0.43482	0.43482	0.43482	0.43482	0.43482	0.43482	0.43482	0.745111	0.630402	0.630402	0.630402	0.630402	0.630402	0.630402	0.630402	0.630402	1.02237	1.02237	1.02237	1.02237	1.02237	1.02237	1.02237	1.02237	1.02237	0.941791	0.941791	0.941791	0.941791	0.941791	0.941791	0.941791	1.08517	0.687449	0.687449	0.687449	0.687449	0.687449	0.687449	0.687449	0.687449	0.687449	0.596618	0.596618	0.596618	0.38771	0.38771	0.38771	0.38771	0.38771	0.367879	0.367879	0.367879	0.367879	0.367879	
0.367879	0.367879	0.367879	0.367879	0.367879	0.367879	0.367879	0.517065	0.517065	0.517065	0.517065	0.517065	0.517065	0.517065	0.517065	0.886048	0.630402	0.630402	0.630402	0.630402	0.630402	0.630402	0.630402	0.630402	1.02237	1.02237	1.02237	1.02237	1.02237	1.02237	1.02237	1.02237	1.02237	0.941791	0.941791	0.941791	0.941791	0.941791	0.941791	0.941791	1.08517	0.687449	0.687449	0.687449	0.687449	0.687449	0.687449	0.687449	0.687449	0.687449	0.596618	0.596618	0.596618	0.38771	0.38771	0.38771	0.38771	0.38771	0.367879	0.367879	0.367879	0.367879	0.367879	
0.367879	0.367879	0.367879	0.367879	0.367879	0.367879	0.367879	0.517065	0.517065	0.517065	0.517065	0.517065	0.517065	0.517065	0.517065	0.886048	0.630402	0.630402	0.630402	0.630402	0.630402	0.630402	0.630402	0.630402	8.2032	8.2032	8.2032	8.2032	8.2032	8.2032	8.2032	8.2032	8.2032	7.55665	7.55665	7.55665	7.55665	7.55665	7.55665	7.55665	8.70709	5.51589	5.51589	5.51589	5.51589	5.51589	5.51589	5.51589	5.51589	5.51589	4.78709	4.78709	4.78709	0.38771	0.38771	0.38771	0.38771	0.38771	0.367879	0.367879	0.367879	0.367879	0.367879	
0.367879	0.367879	0.367879	0.367879	0.367879	0.367879	0.367879	0.517065	0.517065	0.517065	0.517065	0.517065	0.517065	0.517065	0.517065	0.886048	0.630402	0.630402	0.630402	0.630402	0.630402	0.630402	0.630402	0.630402	0.768007	0.768007	0.768007	0.768007	0.768007	0.768007	0.768007	0.768007	0.768007	0.707475	0.707475	0.707475	0.707475	0.707475	0.707475	0.707475	0.815182	0.516413	0.516413	0.446735	0.446735	0.446735	0.446735	0.446735	0.446735	0.446735	0.38771	0.38771	0.38771	0.38771	0.38771	0.38771	0.38771	0.38771	0.367879	0.367879	0.367879	0.367879	0.367879	
0.367879	0.367879	0.367879	0.367879	0.367879	0.367879	0.367879	0.517065	0.517065	0.517065	0.517065	0.517065	0.517065	0.517065	0.517065	0.561306	0.399355	0.399355	0.399355	0.399355	0.399355	0.399355	0.399355	0.399355	0.567802	0.567802	0.567802	0.567802	0.567802	0.567802	0.567802	0.567802	0.567802	0.52305	0.52305	0.52305	0.52305	0.52305	0.52305	0.52305	0.516413	0.516413	0.516413	0.446735	0.446735	0.446735	0.446735	0.446735	0.446735	0.446735	0.38771	0.38771	0.38771	0.38771	0.38771	0.38771	0.38771	0.38771	0.367879	0.367879	0.367879	0.367879	0.367879	
0.367879	0.367879	0.367879	0.367879	0.367879	0.367879	0.367879	0.517065	0.517065	0.517065	0.517065	0.517065	0.517065	0.517065	0.517065	0.630065	0.448276	0.448276	0.448276	0.448276	0.448276	0.448276	0.448276	0.448276	0.637358	0.637358	0.637358	0.637358	0.637358	0.637358	0.637358	0.637358	0.637358	0.587123	0.587123	0.587123	0.587123	0.587123	0.587123	0.587123	0.579673	0.579673	0.579673	0.50146	0.50146	0.50146	0.50146	0.50146	0.50146	0.50146	0.435204	0.435204	0.435204	0.38771	0.38771	0.38771	0.38771	0.38771	0.367879	0.367879	0.367879	0.367879	0.367879	
0.367879	0.367879	0.367879	0.367879	0.367879	0.367879	0.367879	0.517065	0.517065	0.517065	0.517065	0.517065	0.517065	0.517065	0.517065	0.630065	0.448276	0.448276	0.448276	0.448276	0.448276	0.448276	0.448276	0.448276	0.694037	0.694037	0.694037	0.694037	0.694037	0.694037	0.694037	0.694037	0.694037	0.639335	0.639335	0.639335	0.639335	0.639335	0.639335	0.639335	0.631223	0.631223	0.631223	0.50146	0.50146	0.50146	0.50146	0.50146	0.50146	0.50146	0.435204	0.435204	0.435204	0.38771	0.38771	0.38771	0.38771	0.38771	0.367879	0.367879	0.367879	0.367879	0.367879	
0.367879	0.367879	0.367879	0.367879	0.367879	0.367879	0.367879	0.517065	0.517065	0.517065	0.517065	0.517065	0.517065	0.517065	0.517065	0.630065	0.448276	0.448276	0.448276	0.448276	0.448276	0.448276	0.448276	0.448276	0.850476	0.850476	0.850476	0.850476	0.850476	0.850476	0.850476	0.850476	0.850476	0.783444	0.783444	0.783444	0.783444	0.783444	0.702994	0.702994	0.631223	0.631223	0.631223	0.50146	0.50146	0.50146	0.50146	0.50146	0.50146	0.50146	0.435204	0.435204	0.435204	0.38771	0.38771	0.38771	0.38771	0.38771	0.367879	0.367879	0.367879	0.367879	0.367879	
0.391007	0.391007	0.434471	0.434471	0.434471	0.489285	0.489285	0.687704	0.789548	0.789548	0.934177	0.934177	0.934177	1.16612	1.16612	2.00385	1.42569	1.13933	0.838728	0.476458	0.476458	0.476458	0.534102	0.534102	1.01331	1.01331	1.01331	1.01331	1.01331	1.01331	1.01331	1.01331	1.01331	0.933441	0.933441	0.832697	0.832697	0.832697	0.747189	0.747189	0.670906	0.670906	0.670906	0.532986	0.532986	0.532986	0.532986	0.50146	0.50146	0.50146	0.435204	0.435204	0.435204	0.38771	0.38771	0.38771	0.38771	0.38771	0.367879	0.367879	0.367879	0.367879	0.367879	
0.391007	0.391007	0.434471	0.434471	0.434471	0.489285	0.489285	0.687704	0.789548	0.789548	0.934177	0.934177	0.934177	1.16612	1.16612	2.00385	1.42569	1.13933	0.838728	0.476458	0.476458	0.476458	0.534102	0.534102	1.01331	1.01331	1.01331	1.01331	1.01331	1.01331	1.01331	1.01331	1.01331	0.933441	0.933441	0.832697	0.832697	0.832697	0.747189	0.747189	0.670906	0.670906	0.670906	0.532986	0.532986	0.532986	0.532986	0.50146	0.50146	0.50146	0.435204	0.435204	0.435204	0.38771	0.38771	0.38771	0.38771	0.38771	0.367879	0.367879	0.367879	0.367879	0.367879	
0.391007	0.391007	0.434471	0.434471	0.434471	0.489285	0.489285	0.687704	0.789548	0.789548	0.934177	0.934177	0.934177	1.16612	1.16612	2.00385	1.42569	1.13933	0.838728	0.476458	0.476458	0.476458	0.534102	0.534102	1.01331	1.01331	1.01331	1.01331	1.01331	1.01331	1.01331	1.01331	1.01331	0.933441	0.933441	0.832697	0.832697	0.832697	0.747189	0.747189	0.670906	0.670906	0.670906	0.532986	0.532986	0.532986	0.532986	0.50146	0.50146	0.50146	0.435204	0.435204	0.435204	0.38771	0.38771	0.38771	0.38771	0.38771	0.367879	0.367879	0.367879	0.367879	0.367879	
0.391007	0.391007	0.434471	0.434471	0.434471	0.489285	0.489285	0.687704	0.789548	0.789548	0.934177	0.934177	0.934177	1.16612	1.16612	2.00385	1.42569	1.13933	0.838728	0.476458	0.476458	0.476458	0.534102	0.534102	1.01331	1.01331	1.01331	1.01331	1.01331	1.01331	1.01331	1.01331	1.01331	0.933441	0.933441	0.832697	0.832697	0.832697	0.747189	0.747189	0.670906	0.670906	0.670906	0.532986	0.532986	0.532986	0.532986	0.50146	0.50146	0.50146	0.435204	0.435204	0.435204	0.38771	0.38771	0.38771	0.38771	0.38771	0.367879	0.367879	0.367879	0.367879	0.367879	
0.391007	0.391007	0.434471	0.434471	0.434471	0.489285	0.489285	0.687704	0.789548	0.789548	0.934177	0.934177	0.934177	1.16612	1.16612	2.00385	1.42569	1.13933	0.838728	0.476458	0.476458	0.476458	0.534102	0.534102	1.01331	1.01331	1.01331	1.01331	1.01331	1.01331	1.01331	1.01331	1.01331	0.933441	0.933441	0.832697	0.832697	0.832697	0.747189	0.747189	0.670906	0.670906	2.59443	2.06109	0.532986	0.532986	0.532986	0.50146	0.50146	0.50146	0.435204	0.435204	0.435204	0.38771	0.38771	0.38771	0.38771	0.38771	0.367879	0.367879	0.367879	0.367879	0.367879	
0.391007	0.391007	0.434471	0.434471	0.434471	0.489285	0.489285	0.687704	0.789548	0.789548	0.934177	1.23836	1.23836	1.54582	1.54582	2.65633	1.88992	1.51031	1.11183	0.631599	0.631599	0.631599	0.708012	0.708012	1.34325	1.34325	1.34325	1.34325	1.34325	1.34325	1.34325	1.34325	1.34325	1.23738	1.23738	1.10383	1.10383	1.10383	0.990483	0.990483	2.48245	2.48245	9.59978	2.7322	0.532986	0.532986	0.532986	0.50146	0.50146	0.50146	0.435204	0.435204	0.435204	0.38771	0.38771	0.38771	0.38771	0.38771	0.367879	0.367879	0.367879	0.367879	0.367879	
0.391007	0.391007	0.434471	0.434471	0.434471	0.489285	0.489285	0.687704	0.789548	0.789548	0.934177	1.23836	1.23836	1.54582	1.54582	2.65633	1.88992	1.51031	1.11183	0.631599	0.631599	0.631599	0.708012	0.708012	1.34325	1.34325	1.34325	1.34325	1.34325	1.34325	1.34325	1.34325	1.34325	1.23738	1.23738	1.10383	1.10383	1.10383	0.990483	0.990483	2.48245	2.48245	9.59978	2.7322	0.532986	0.532986	0.532986	0.50146	0.50146	0.50146	0.435204	0.435204	0.435204	0.38771	0.38771	0.38771	0.38771	0.38771	0.367879	0.367879	0.367879	0.367879	0.367879	
0.391007	0.391007	0.434471	0.434471	0.434471	0.489285	0.489285	0.687704	0.789548	0.789548	0.934177	1.23836	1.23836	1.54582	1.54582	2.65633	1.88992	1.51031	1.11183	0.631599	0.631599	0.631599	0.708012	0.708012	1.16201	1.16201	1.16201	1.16201	1.16201	1.16201	1.16201	1.16201	1.16201	1.07043	1.07043	0.954898	0.954898	0.954898	0.856841	0.856841	2.1475	2.1475	2.1475	0.706532	0.532986	0.532986	0.532986	0.50146	0.50146	0.50146	0.435204	0.435204	0.435204	0.38771	0.38771	0.38771	0.38771	0.38771	0.367879	0.367879	0.367879	0.367879	0.367879	
0.391007	0.391007	0.434471	0.434471	0.434471	0.489285	0.489285	0.687704	0.789548	0.789548	0.934177	1.23836	1.23836	1.54582	1.54582	2.65633	1.88992	1.51031	1.11183	0.631599	0.631599	0.631599	0.708012	0.708012	0.995682	0.995682	0.995682	0.995682	0.995682	0.995682	0.995682	0.995682	0.995682	0.917206	0.917206	0.818214	0.818214	0.818214	0.734194	0.734194	0.769364	0.769364	0.769364	0.706532	0.532986	0.532986	0.532986	0.50146	0.50146	0.50146	0.435204	0.435204	0.435204	0.38771	0.38771	0.38771	0.38771	0.38771	0.367879	0.367879	0.367879	0.367879	0.367879	
0.391007	0.391007	0.434471	0.434471	0.434471	0.489285	0.489285	0.687704	0.789548	0.789548	0.934177	1.23836	1.23836	1.54582	1.54582	2.36644	1.68367	1.34549	0.990494	0.562672	0.562672	0.562672	0.630747	0.630747	0.887023	0.887023	0.887023	0.887023	0.887023	0.887023	0.887023	0.887023	0.887023	0.81711	0.81711	0.728922	0.728922	0.728922	0.654071	0.654071	0.685402	0.685402	0.685402	0.629428	0.474821	0.474821	0.474821	0.446735	0.446735	0.446735	0.38771	0.38771	0.38771	0.38771	0.38771	0.38771	0.38771	0.38771	0.367879	0.367879	0.367879	0.367879	0.367879	
0.391007	0.391007	0.434471	0.434471	0.434471	0.489285	0.489285	0.687704	0.789548	0.789548	0.934177	0.934177	0.934177	1.16612	1.16612	1.78517	1.27011	1.01499	0.747197	0.424462	0.424462	0.424462	0.475815	0.475815	0.669142	0.669142	0.669142	0.669142	0.669142	0.669142	0.669142	0.669142	0.669142	0.616402	0.616402	0.549876	0.549876	0.549876	0.49341	0.49341	0.517046	0.517046	0.517046	0.474821	0.474821	0.474821	0.474821	0.446735	0.446735	0.446735	0.38771	0.38771	0.38771	0.38771	0.38771	0.38771	0.38771	0.38771	0.367879	0.367879	0.367879	0.367879	0.367879	
0.391007	0.391007	0.434471	0.434471	0.434471	0.489285	0.489285	0.687704	0.789548	0.789548	0.934177	0.934177	0.934177	1.16612	1.16612	1.78517	1.27011	1.01499	0.747197	0.424462	0.424462	0.424462	0.475815	0.475815	0.669142	0.669142	0.669142	0.669142	0.669142	0.669142	0.669142	0.669142	0.669142	0.616402	0.616402	0.549876	0.549876	0.549876	0.49341	0.49341	0.517046	0.517046	0.517046	0.474821	0.474821	0.474821	0.474821	0.446735	0.446735	0.446735	0.38771	0.38771	0.38771	0.38771	0.38771	0.38771	0.38771	0.38771	0.367879	0.367879	0.367879	0.367879	0.367879	
0.391007	0.391007	0.434471	0.434471	0.434471	0.489285	0.489285	0.687704	0.789548	0.789548	0.934177	0.934177	0.934177	1.16612	1.16612	1.78517	1.27011	1.01499	0.747197	0.424462	0.424462	0.424462	0.475815	0.475815	0.669142	0.669142	0.669142	0.669142	0.669142	0.669142	0.669142	0.669142	0.669142	0.616402	0.616402	0.549876	0.549876	0.549876	0.49341	0.49341	0.517046	0.517046	0.517046	0.474821	0.474821	0.474821	0.474821	0.446735	0.446735	0.446735	0.38771	0.38771	0.38771	0.38771	0.38771	0.38771	0.38771	0.38771	0.367879	0.367879	0.367879	0.367879	0.367879	
0.391007	0.391007	0.434471	0.434471	0.434471	0.489285	0.489285	0.687704	0.789548	0.789548	0.934177	0.934177	0.934177	1.16612	1.16612	1.78517	1.27011	1.01499	0.747197	0.424462	0.424462	0.424462	0.475815	0.475815	0.669142	0.669142	0.669142	0.669142	0.669142	0.669142	0.669142	0.669142	0.669142	0.616402	0.616402	0.549876	0.549876	0.549876	0.49341	0.49341	0.517046	0.517046	0.517046	0.474821	0.474821	0.474821	0.474821	0.446735	0.446735	0.446735	0.38771	0.38771	0.38771	0.38771	0.38771	0.38771	0.38771	0.38771	0.367879	0.367879	0.367879	0.367879	0.367879	
0.391007	0.391007	0.434471	0.434471	0.434471	0.489285	0.489285	0.578316	0.66396	0.66396	0.785584	0.785584	0.785584	0.980633	0.980633	1.50122	1.27011	1.01499	0.747197	0.424462	0.424462	0.424462	0.475815	0.475815	0.669142	0.669142	0.669142	0.669142	0.669142	0.669142	0.669142	0.669142	0.669142	0.616402	0.616402	0.549876	0.549876	0.549876	0.49341	0.49341	0.517046	0.517046	0.517046	0.474821	0.474821	0.474821	0.474821	0.446735	0.446735	0.446735	0.38771	0.38771	0.38771	0.38771	0.38771	0.38771	0.38771	0.38771	0.367879	0.367879	0.367879	0.367879	0.367879	
0.391007	0.391007	0.434471	0.434471	0.434471	0.489285	0.489285	0.578316	0.66396	0.66396	0.785584	0.785584	0.785584	0.980633	0.980633	1.50122	1.27011	1.01499	0.747197	0.424462	0.424462	0.424462	0.475815	0.475815	0.669142	0.669142	0.669142	0.669142	0.669142	0.669142	0.669142	0.669142	0.669142	0.616402	0.616402	0.549876	0.549876	0.549876	0.49341	0.49341	0.517046	0.517046	0.517046	0.474821	0.474821	0.474821	0.474821	0.446735	0.446735	0.446735	0.38771	0.38771	0.38771	0.38771	0.38771	0.38771	0.38771	0.38771	0.367879	0.367879	0.367879	0.367879	0.367879	
0.391007	0.391007	0.434471	0.434471	0.434471	0.489285	0.489285	0.578316	0.66396	0.66396	0.785584	0.785584	0.785584	0.980633	0.980633	1.50122	1.27011	1.01499	0.747197	0.424462	0.424462	0.424462	0.475815	0.475815	0.669142	0.669142	0.669142	0.669142	0.669142	0.669142	0.669142	0.669142	0.669142	0.616402	0.616402	0.549876	0.549876	0.549876	0.49341	0.49341	0.517046	0.517046	0.517046	0.474821	0.474821	0.474821	0.474821	0.446735	0.446735	0.446735	0.38771	0.38771	0.38771	0.38771	0.38771	0.38771	0.38771	0.38771	0.367879	0.367879	0.367879	0.367879	0.367879	
0.391007	0.391007	0.434471	0.434471	0.434471	0.489285	0.489285	0.489285	0.561744	0.561744	0.664644	0.664644	0.664644	0.829665	0.829665	1.27011	1.27011	1.01499	0.747197	0.424462	0.424462	0.424462	0.475815	0.475815	0.669142	0.669142	0.669142	0.669142	0.669142	0.669142	0.669142	0.669142	0.669142	0.616402	0.616402	0.549876	0.549876	0.549876	0.49341	0.49341	0.517046	0.517046	0.517046	0.474821	0.474821	0.474821	0.474821	0.446735	0.446735	0.446735	0.38771	0.38771	0.38771	0.38771	0.38771	0.38771	0.38771	0.38771	0.367879	0.367879	0.367879	0.367879	0.367879	
0.391007	0.391007	0.434471	0.434471	0.434471	0.489285	0.489285	0.489285	0.561744	0.561744	0.664644	0.664644	0.664644	0.829665	0.829665	1.27011	1.27011	1.01499	0.747197	0.424462	0.424462	0.424462	0.475815	0.475815	0.669142	0.669142	0.669142	0.669142	0.669142	0.669142	0.669142	0.669142	0.669142	0.616402	0.616402	0.549876	0.549876	0.549876	0.49341	0.49341	0.517046	0.517046	0.517046	0.474821	0.474821	0.474821	0.474821	0.446735	0.446735	0.446735	0.38771	0.38771	0.38771	0.38771	0.38771	0.38771	0.38771	0.38771	0.367879	0.367879	0.367879	0.367879	0.367879	
0.482231	0.482231	0.535835	0.535835	0.535835	0.603437	0.603437	0.603437	0.561744	0.561744	0.664644	0.664644	0.664644	0.829665	0.829665	1.27011	1.27011	1.01499	0.747197	0.424462	0.424462	0.424462	0.475815	0.475815	0.669142	0.669142	0.669142	0.669142	0.669142	0.669142	0.669142	0.669142	0.669142	0.616402	0.616402	0.549876	0.549876	0.549876	0.49341	0.49341	0.44873	0.44873	0.44873	0.412084	0.412084	0.412084	0.412084	0.38771	0.38771	0.38771	0.38771	0.38771	0.38771	0.38771	0.38771	0.38771	0.38771	0.38771	0.367879	0.367879	0.367879	0.367879	0.367879	
0.482231	0.482231	0.535835	0.535835	0.535835	0.603437	0.603437	0.603437	0.561744	0.561744	0.664644	0.664644	0.664644	0.829665	0.829665	1.27011	1.27011	1.01499	0.747197	0.424462	0.424462	0.424462	0.475815	0.475815	0.669142	0.669142	0.669142	0.669142	0.669142	0.669142	0.669142	0.669142	0.669142	0.616402	0.616402	0.549876	0.549876	0.549876	0.49341	0.49341	0.44873	0.44873	0.44873	0.412084	0.412084	0.412084	0.412084	0.38771	0.38771	0.38771	0.38771	0.38771	0.38771	0.38771	0.38771	0.38771	0.38771	0.38771	0.367879	0.367879	0.367879	0.367879	0.367879	
0.482231	0.482231	0.535835	0.535835	0.535835	0.603437	0.603437	0.603437	0.561744	0.561744	0.664644	0.664644	0.664644	0.829665	0.829665	1.27011	1.27011	1.01499	0.747197	0.424462	0.424462	0.424462	0.475815	0.475815	0.669142	0.669142	0.669142	0.669142	0.669142	0.669142	0.669142	0.669142	0.669142	0.616402	0.616402	0.549876	0.549876	0.549876	0.49341	0.49341	0.44873	0.44873	0.44873	0.412084	0.412084	0.412084	0.412084	0.38771	0.38771	0.38771	0.38771	0.38771	0.38771	0.38771	0.38771	0.38771	0.38771	0.38771	0.367879	0.367879	0.367879	0.367879	0.367879	
0.482231	0.482231	0.535835	0.535835	0.535835	0.603437	0.603437	0.603437	0.561744	0.561744	0.664644	0.664644	0.664644	0.829665	0.829665	1.27011	1.27011	1.01499	0.747197	0.424462	0.424462	0.424462	0.475815	0.475815	0.669142	0.669142	0.669142	0.669142	0.669142	0.669142	0.669142	0.669142	0.669142	0.616402	0.616402	0.549876	0.549876	0.549876	0.49341	0.49341	0.44873	0.44873	0.44873	0.412084	0.412084	0.412084	0.412084	0.38771	0.38771	0.38771	0.38771	0.38771	0.38771	0.38771	0.38771	0.38771	0.38771	0.38771	0.367879	0.367879	0.367879	0.367879	0.367879	
0.482231	0.482231	0.535835	0.535835	0.535835	0.603437	0.603437	0.603437	0.561744	0.561744	0.664644	0.664644	0.664644	0.829665	0.829665	1.27011	1.27011	1.01499	0.747197	0.424462	0.424462	0.424462	0.475815	0.475815	0.669142	0.669142	0.669142	0.669142	0.669142	0.669142	0.669142	0.669142	0.669142	0.616402	0.616402	0.549876	0.549876	0.549876	0.49341	0.49341	0.44873	0.44873	0.44873	0.412084	0.412084	0.412084	0.412084	0.38771	0.38771	0.38771	0.38771	0.38771	0.38771	0.38771	0.38771	0.38771	0.38771	0.38771	0.367879	0.367879	0.367879	0.367879	0.367879	
0.482231	0.482231	0.535835	0.535835	0.535835	0.603437	0.603437	0.603437	0.561744	0.561744	0.664644	0.664644	0.664644	0.829665	0.829665	1.27011	1.27011	1.01499	0.747197	0.424462	0.424462	0.424462	0.475815	0.475815	0.669142	0.669142	0.669142	0.669142	0.669142	0.669142	0.669142	0.669142	0.669142	0.616402	0.616402	0.549876	0.549876	0.549876	0.49341	0.49341	0.44873	0.44873	0.44873	0.412084	0.412084	0.412084	0.412084	0.38771	0.38771	0.38771	0.38771	0.38771	0.38771	0.38771	0.38771	0.38771	0.38771	0.38771	0.367879	0.367879	0.367879	0.367879	0.367879	
0.482231	0.482231	0.535835	0.535835	0.535835	0.603437	0.603437	0.603437	0.561744	0.561744	0.664644	0.664644	0.664644	0.829665	0.829665	1.27011	1.27011	1.01499	0.747197	0.424462	0.424462	0.424462	0.475815	0.475815	0.669142	0.669142	0.669142	0.669142	0.669142	0.669142	0.669142	0.669142	0.669142	0.616402	0.616402	0.549876	0.549876	0.549876	0.49341	0.49341	0.44873	0.44873	0.44873	0.412084	0.412084	0.412084	0.412084	0.38771	0.38771	0.38771	0.38771	0.38771	0.38771	0.38771	0.38771	0.38771	0.38771	0.38771	0.367879	0.367879	0.367879	0.367879	0.367879	
0.453707	0.453707	0.504141	0.504141	0.504141	0.567744	0.567744	0.567744	0.528518	0.528518	0.625331	0.625331	0.625331	0.780591	0.780591	1.19498	1.19498	0.954957	0.703001	0.399355	0.399355	0.399355	0.447671	0.447671	0.629563	0.629563	0.629563	0.629563	0.629563	0.629563	0.629563	0.629563	0.629563	0.579943	0.579943	0.517351	0.517351	0.517351	0.464225	0.464225	0.422188	0.422188	0.422188	0.38771	0.38771	0.38771	0.38771	0.38771	0.38771	0.38771	0.38771	0.38771	0.38771	0.38771	0.38771	0.38771	0.38771	0.38771	0.367879	0.367879	0.367879	0.367879	0.367879	
0.453707	0.453707	0.504141	0.504141	0.504141	0.567744	0.567744	0.567744	0.528518	0.528518	0.625331	0.625331	0.625331	0.780591	0.780591	1.19498	1.19498	0.954957	0.703001	0.399355	0.399355	0.399355	0.447671	0.447671	0.629563	0.629563	0.629563	0.629563	0.629563	0.629563	0.629563	0.629563	0.629563	0.579943	0.579943	0.517351	0.517351	0.517351	0.464225	0.464225	0.422188	0.422188	0.422188	0.38771	0.38771	0.38771	0.38771	0.38771	0.38771	0.38771	0.38771	0.38771	0.38771	0.38771	0.38771	0.38771	0.38771	0.38771	0.367879	0.367879	0.367879	0.367879	0.367879	
0.453707	0.453707	0.504141	0.504141	0.504141	0.567744	0.567744	0.567744	0.528518	0.528518	0.625331	0.625331	0.625331	0.780591	0.780591	1.19498	1.19498	0.954957	0.703001	0.399355	0.399355	0.399355	0.447671	0.447671	0.629563	0.629563	0.629563	0.629563	0.629563	0.629563	0.629563	0.629563	0.629563	0.579943	0.579943	0.517351	0.517351	0.517351	0.464225	0.464225	0.422188	0.422188	0.422188	0.38771	0.38771	0.38771	0.38771	0.38771	0.38771	0.38771	0.38771	0.38771	0.38771	0.38771	0.38771	0.38771	0.38771	0.38771	0.367879	0.367879	0.367879	0.367879	0.367879	
0.453707	0.453707	0.504141	0.504141	0.504141	0.567744	0.567744	0.567744	0.528518	0.528518	0.625331	0.625331	0.625331	0.780591	0.780591	1.19498	1.19498	0.954957	0.703001	0.399355	0.399355	0.399355	0.447671	0.447671	0.629563	0.629563	0.629563	0.629563	0.629563	0.629563	0.629563	0.629563	0.629563	0.579943	0.579943	0.517351	0.517351	0.517351	0.464225	0.464225	0.422188	0.422188	0.422188	0.38771	0.38771	0.38771	0.38771	0.38771	0.38771	0.38771	0.38771	0.38771	0.38771	0.38771	0.38771	0.38771	0.38771	0.38771	0.367879	0.367879	0.367879	0.367879	0.367879	
0.453707	0.453707	0.504141	0.504141	0.504141	0.567744	0.567744	0.567744	0.528518	0.528518	0.625331	0.625331	0.625331	0.780591	0.780591	1.19498	1.19498	0.954957	0.703001	0.399355	0.399355	0.399355	0.447671	0.447671	0.629563	0.629563	0.629563	0.629563	0.629563	0.629563	0.629563	0.629563	0.629563	0.579943	0.579943	0.517351	0.517351	0.517351	0.464225	0.464225	0.422188	0.422188	0.422188	0.38771	0.38771	0.38771	0.38771	0.38771	0.38771	0.38771	0.38771	0.38771	0.38771	0.38771	0.38771	0.38771	0.38771	0.38771	0.367879	0.367879	0.367879	0.367879	0.367879	
0.453707	0.453707	0.504141	0.504141	0.504141	0.567744	0.567744	0.567744	0.528518	0.528518	0.625331	0.625331	0.625331	0.780591	0.780591	1.19498	1.19498	0.954957	0.703001	0.399355	0.399355	0.399355	0.447671	0.447671	0.629563	0.629563	0.629563	0.629563	0.629563	0.629563	0.629563	0.629563	0.629563	0.579943	0.579943	0.517351	0.517351	0.517351	0.464225	0.464225	0.422188	0.422188	0.422188	0.38771	0.38771	0.38771	0.38771	0.38771	0.38771	0.38771	0.38771	0.38771	0.38771	0.38771	0.38771	0.38771	0.38771	0.38771	0.367879	0.367879	0.367879	0.367879	0.367879	
0.453707	0.453707	0.504141	0.504141	0.504141	0.567744	0.567744	0.567744	0.528518	0.528518	0.625331	0.625331	0.625331	0.780591	0.780591	1.19498	1.19498	0.954957	0.703001	0.399355	0.399355	0.399355	0.447671	0.447671	0.629563	0.629563	0.629563	0.629563	0.629563	0.629563	0.629563	0.629563	0.629563	0.579943	0.579943	0.517351	0.517351	0.517351	0.464225	0.464225	0.422188	0.422188	0.422188	0.38771	0.38771	0.38771	0.38771	0.38771	0.38771	0.38771	0.38771	0.38771	0.38771	0.38771	0.38771	0.38771	0.38771	0.38771	0.367879	0.367879	0.367879	0.367879	0.367879	
0.453707	0.453707	0.453707	0.453707	0.453707	0.453707	0.453707	0.453707	0.367879	0.367879	0.367879	0.367879	0.367879	0.367879	0.367879	0.399355	0.399355	0.399355	0.399355	0.399355	0.399355	0.399355	0.399355	0.399355	0.420882	0.420882	0.420882	0.420882	0.420882	0.420882	0.420882	0.420882	0.420882	0.38771	0.38771	0.38771	0.38771	0.38771	0.38771	0.38771	0.38771	0.38771	0.38771	0.38771	0.38771	0.38771	0.38771	0.38771	0.38771	0.38771	0.38771	0.38771	0.38771	0.38771	0.38771	0.38771	0.38771	0.38771	0.367879	0.367879	0.367879	0.367879	0.367879	
0.453707	0.453707	0.453707	0.453707	0.453707	0.453707	0.453707	0.453707	0.367879	0.367879	0.367879	0.367879	0.367879	0.367879	0.367879	0.399355	0.399355	0.399355	0.399355	0.399355	0.399355	0.399355	0.399355	0.399355	0.420882	0.420882	0.420882	0.420882	0.420882	0.420882	0.420882	0.420882	0.420882	0.38771	0.38771	0.38771	0.38771	0.38771	0.38771	0.38771	0.38771	0.38771	0.38771	0.38771	0.38771	0.38771	0.38771	0.38771	0.38771	0.38771	0.38771	0.38771	0.38771	0.38771	0.38771	0.38771	0.38771	0.38771	0.367879	0.367879	0.367879	0.367879	0.367879	
0.453707	0.453707	0.453707	0.453707	0.453707	0.453707	0.453707	0.453707	0.367879	0.367879	0.367879	0.367879	0.367879	0.367879	0.367879	0.367879	0.367879	0.367879	0.367879	0.367879	0.367879	0.367879	0.367879	0.367879	0.367879	0.367879	0.367879	0.367879	0.367879	0.367879	0.367879	0.367879	0.367879	0.367879	0.367879	0.367879	0.367879	0.367879	0.367879	0.367879	0.367879	0.367879	0.367879	0.367879	0.367879	0.367879	0.367879	0.367879	0.367879	0.367879	0.367879	0.367879	0.367879	0.367879	0.367879	0.367879	0.367879	0.367879	0.367879	0.367879	0.367879	0.367879	0.367879	
0.453707	0.453707	0.453707	0.453707	0.453707	0.453707	0.453707	0.453707	0.367879	0.367879	0.367879	0.367879	0.367879	0.367879	0.367879	0.367879	0.367879	0.367879	0.367879	0.367879	0.367879	0.367879	0.367879	0.367879	0.367879	0.367879	0.367879	0.367879	0.367879	0.367879	0.367879	0.367879	0.367879	0.367879	0.367879	0.367879	0.367879	0.367879	0.367879	0.367879	0.367879	0.367879	0.367879	0.367879	0.367879	0.367879	0.367879	0.367879	0.367879	0.367879	0.367879	0.367879	0.367879	0.367879	0.367879	0.367879	0.367879	0.367879	0.367879	0.367879	0.367879	0.367879	0.367879	
0.367879	0.367879	0.367879	0.367879	0.367879	0.367879	0.367879	0.367879	0.367879	0.367879	0.367879	0.367879	0.367879	0.367879	0.367879	0.367879	0.367879	0.367879	0.367879	0.367879	0.367879	0.367879	0.367879	0.367879	0.367879	0.367879	0.367879	0.367879	0.367879	0.367879	0.367879	0.367879	0.367879	0.367879	0.367879	0.367879	0.367879	0.367879	0.367879	0.367879	0.367879	0.367879	0.367879	0.367879	0.367879	0.367879	0.367879	0.367879	0.367879	0.367879	0.367879	0.367879	0.367879	0.367879	0.367879	0.367879	0.367879	0.367879	0.367879	0.367879	0.367879	0.367879	0.367879	
