0.367879	0.367879	0.367879	0.367879	0.367879	0.367879	0.367879	0.367879	0.367879	0.367879	0.367879	0.367879	0.367879	0.367879	0.367879	0.367879	0.367879	0.367879	0.367879	0.367879	0.367879	0.367879	0.367879	0.367879	0.367879	0.367879	0.367879	0.367879	0.367879	0.367879	0.367879	0.367879	0.367879	0.367879	0.367879	0.367879	0.367879	0.367879	0.367879	0.367879	0.367879	0.367879	0.367879	0.367879	0.367879	0.367879	0.367879	0.367879	0.367879	0.367879	0.367879	0.367879	0.367879	0.367879	0.367879	0.367879	0.367879	0.367879	0.367879	0.367879	0.367879	0.367879	0.367879	
0.367879	0.367879	0.367879	0.367879	0.367879	0.367879	0.367879	0.367879	0.367879	0.367879	0.367879	0.367879	0.367879	0.367879	0.367879	0.367879	0.367879	0.367879	0.367879	0.367879	0.367879	0.367879	0.367879	0.367879	0.367879	0.367879	0.367879	0.367879	0.367879	0.367879	0.367879	0.367879	0.367879	0.367879	0.367879	0.367879	0.367879	0.367879	0.367879	0.367879	0.367879	0.367879	0.367879	0.367879	0.367879	0.367879	0.367879	0.367879	0.367879	0.367879	0.367879	0.367879	0.367879	0.367879	0.367879	0.367879	0.367879	0.367879	0.367879	0.367879	0.367879	0.367879	0.367879	
0.367879	0.367879	0.367879	0.367879	0.367879	0.367879	0.367879	0.367879	0.367879	0.367879	0.367879	0.367879	0.367879	0.367879	0.367879	0.367879	0.367879	0.367879	0.367879	0.367879	0.367879	0.367879	0.367879	0.367879	0.367879	0.367879	0.367879	0.367879	0.367879	0.367879	0.367879	0.367879	0.367879	0.367879	0.367879	0.367879	0.367879	0.367879	0.367879	0.367879	0.367879	0.367879	0.367879	0.367879	0.367879	0.367879	0.367879	0.367879	0.367879	0.367879	0.367879	0.367879	0.367879	0.367879	0.367879	0.367879	0.367879	0.367879	0.367879	0.367879	0.367879	0.367879	0.367879	
0.367879	0.367879	0.367879	0.367879	0.367879	0.367879	0.367879	0.367879	0.367879	0.367879	0.367879	0.367879	0.367879	0.367879	0.367879	0.367879	0.367879	0.367879	0.367879	0.367879	0.367879	0.367879	0.367879	0.367879	0.367879	0.367879	0.367879	0.367879	0.367879	0.367879	0.367879	0.367879	0.367879	0.367879	0.367879	0.367879	0.367879	0.367879	0.367879	0.367879	0.367879	0.367879	0.367879	0.367879	0.367879	0.367879	0.367879	0.367879	0.367879	0.367879	0.367879	0.367879	0.367879	0.367879	0.367879	0.367879	0.367879	0.367879	0.367879	0.367879	0.367879	0.367879	0.367879	
0.367879	0.367879	0.367879	0.367879	0.367879	0.367879	0.367879	0.367879	0.367879	0.367879	0.367879	0.367879	0.367879	0.367879	0.367879	0.367879	0.367879	0.367879	0.367879	0.367879	0.367879	0.367879	0.367879	0.367879	0.367879	0.367879	0.367879	0.367879	0.367879	0.367879	0.367879	0.367879	0.367879	0.367879	0.367879	0.367879	0.367879	0.367879	0.367879	0.367879	0.367879	0.367879	0.367879	0.367879	0.367879	0.367879	0.367879	0.367879	0.367879	0.367879	0.367879	0.367879	0.367879	0.367879	0.367879	0.367879	0.367879	0.367879	0.367879	0.367879	0.367879	0.367879	0.367879	
0.367879	0.367879	0.367879	0.367879	0.367879	0.367879	0.367879	0.367879	0.367879	0.367879	0.367879	0.367879	0.367879	0.367879	0.367879	0.367879	0.367879	0.367879	0.367879	0.367879	0.367879	0.367879	0.367879	0.367879	0.367879	0.367879	0.367879	0.367879	0.367879	0.367879	0.367879	0.367879	0.367879	0.367879	0.367879	0.367879	0.367879	0.367879	0.367879	0.367879	0.367879	0.367879	0.367879	0.367879	0.367879	0.367879	0.367879	0.367879	0.367879	0.367879	0.367879	0.367879	0.367879	0.367879	0.367879	0.367879	0.367879	0.367879	0.367879	0.367879	0.367879	0.367879	0.367879	
0.367879	0.367879	0.367879	0.367879	0.367879	0.367879	0.367879	0.367879	0.367879	0.367879	0.367879	0.367879	0.367879	0.367879	0.367879	0.367879	0.367879	0.367879	0.367879	0.367879	0.367879	0.367879	0.367879	0.367879	0.367879	0.367879	0.367879	0.367879	0.367879	0.367879	0.367879	0.367879	0.367879	0.367879	0.367879	0.367879	0.367879	0.367879	0.367879	0.367879	0.367879	0.367879	0.367879	0.367879	0.367879	0.367879	0.367879	0.367879	0.367879	0.367879	0.367879	0.367879	0.367879	0.367879	0.367879	0.367879	0.367879	0.367879	0.367879	0.367879	0.367879	0.367879	0.367879	
0.367879	0.367879	0.367879	0.367879	0.367879	0.367879	0.367879	0.367879	0.367879	0.367879	0.367879	0.367879	0.367879	0.367879	0.367879	0.367879	0.367879	0.367879	0.367879	0.367879	0.367879	0.367879	0.367879	0.367879	0.367879	0.367879	0.367879	0.367879	0.367879	0.367879	0.367879	0.367879	0.367879	0.367879	0.367879	0.367879	0.367879	0.367879	0.367879	0.367879	0.367879	0.367879	0.367879	0.367879	0.367879	0.367879	0.367879	0.367879	0.367879	0.367879	0.367879	0.367879	0.367879	0.367879	0.367879	0.367879	0.367879	0.367879	0.367879	0.367879	0.367879	0.367879	0.367879	
0.367879	0.367879	0.367879	0.367879	0.367879	0.367879	0.367879	0.367879	0.367879	0.367879	0.367879	0.367879	0.367879	0.367879	0.367879	0.367879	0.367879	0.367879	0.367879	0.367879	0.367879	0.367879	0.367879	0.367879	0.367879	0.367879	0.367879	0.367879	0.367879	0.367879	0.367879	0.367879	0.367879	0.367879	0.367879	0.367879	0.367879	0.367879	0.367879	0.367879	0.367879	0.367879	0.367879	0.367879	0.367879	0.367879	0.367879	0.367879	0.367879	0.367879	0.367879	0.367879	0.367879	0.367879	0.367879	0.367879	0.367879	0.367879	0.367879	0.367879	0.367879	0.367879	0.367879	
0.367879	0.367879	0.367879	0.367879	0.367879	0.367879	0.367879	0.367879	0.367879	0.367879	0.367879	0.367879	0.367879	0.367879	0.367879	0.367879	0.367879	0.367879	0.367879	0.367879	0.367879	0.367879	0.367879	0.367879	0.367879	0.367879	0.367879	0.367879	0.367879	0.367879	0.367879	0.367879	0.367879	0.367879	0.367879	0.367879	0.367879	0.367879	0.367879	0.367879	0.367879	0.367879	0.367879	0.367879	0.367879	0.367879	0.367879	0.367879	0.367879	0.367879	0.367879	0.367879	0.367879	0.367879	0.367879	0.367879	0.367879	0.367879	0.367879	0.367879	0.367879	0.367879	0.367879	
0.367879	0.367879	0.367879	0.367879	0.367879	0.367879	0.367879	0.367879	0.367879	0.367879	0.367879	0.367879	0.367879	0.367879	0.367879	0.367879	0.367879	0.367879	0.367879	0.367879	0.367879	0.367879	0.367879	0.367879	0.367879	0.367879	0.367879	0.367879	0.367879	0.367879	0.367879	0.367879	0.367879	0.367879	0.367879	0.367879	0.367879	0.367879	0.367879	0.367879	0.367879	0.367879	0.367879	0.367879	0.367879	0.367879	0.367879	0.367879	0.367879	0.367879	0.367879	0.367879	0.367879	0.367879	0.367879	0.367879	0.367879	0.367879	0.367879	0.367879	0.367879	0.367879	0.367879	
0.367879	0.367879	0.367879	0.367879	0.367879	0.367879	0.367879	0.367879	0.367879	0.367879	0.367879	0.367879	0.367879	0.367879	0.367879	0.367879	0.367879	0.367879	0.367879	0.367879	0.367879	0.367879	0.367879	0.367879	0.367879	0.367879	0.367879	0.367879	0.367879	0.367879	0.367879	0.367879	0.367879	0.367879	0.367879	0.367879	0.367879	0.367879	0.367879	0.367879	0.367879	0.367879	0.367879	0.367879	0.367879	0.367879	0.367879	0.367879	0.367879	0.367879	0.367879	0.367879	0.367879	0.367879	0.367879	0.367879	0.367879	0.367879	0.367879	0.367879	0.367879	0.367879	0.367879	
0.367879	0.367879	0.367879	0.367879	0.367879	0.367879	0.367879	0.367879	0.367879	0.367879	0.367879	0.367879	0.367879	0.367879	0.367879	0.367879	0.367879	0.367879	0.367879	0.367879	0.367879	0.367879	0.367879	0.367879	0.367879	0.367879	0.367879	0.367879	0.367879	0.367879	0.367879	0.367879	0.367879	0.367879	0.367879	0.367879	0.367879	0.367879	0.367879	0.367879	0.367879	0.367879	0.367879	0.367879	0.367879	0.367879	0.367879	0.367879	0.367879	0.367879	0.367879	0.367879	0.367879	0.367879	0.367879	0.367879	0.367879	0.367879	0.367879	0.367879	0.367879	0.367879	0.367879	
0.367879	0.367879	0.367879	0.367879	0.367879	0.367879	0.367879	0.367879	0.367879	0.367879	0.367879	0.367879	0.367879	0.367879	0.367879	0.367879	0.367879	0.367879	0.367879	0.367879	0.367879	0.367879	0.367879	0.367879	0.367879	0.367879	0.367879	0.367879	0.367879	0.367879	0.367879	0.367879	0.367879	0.367879	0.367879	0.367879	0.367879	0.367879	0.367879	0.367879	0.367879	0.367879	0.367879	0.367879	0.367879	0.367879	0.367879	0.367879	0.367879	0.367879	0.367879	0.367879	0.367879	0.367879	0.367879	0.367879	0.367879	0.367879	0.367879	0.367879	0.367879	0.367879	0.367879	
0.367879	0.367879	0.367879	0.367879	0.367879	0.367879	0.367879	0.367879	0.367879	0.367879	0.367879	0.367879	0.367879	0.367879	0.367879	0.367879	0.367879	0.367879	0.367879	0.367879	0.367879	0.367879	0.367879	0.367879	0.367879	0.367879	0.367879	0.367879	0.367879	0.367879	0.367879	0.367879	0.367879	0.367879	0.367879	0.367879	0.367879	0.367879	0.367879	0.367879	0.367879	0.367879	0.367879	0.367879	0.367879	0.367879	0.367879	0.367879	0.367879	0.367879	0.367879	0.367879	0.367879	0.367879	0.367879	0.367879	0.367879	0.367879	0.367879	0.367879	0.367879	0.367879	0.367879	
0.367879	0.367879	0.367879	0.367879	0.367879	0.367879	0.367879	0.367879	0.367879	0.367879	0.367879	0.367879	0.367879	0.367879	0.367879	0.367879	0.367879	0.367879	0.367879	0.367879	0.367879	0.367879	0.367879	0.367879	0.367879	0.367879	0.367879	0.367879	0.367879	0.367879	0.367879	0.367879	0.367879	0.367879	0.367879	0.367879	0.367879	0.367879	0.367879	0.367879	0.367879	0.367879	1.42261	1.42261	0.367879	0.367879	0.367879	0.367879	0.367879	0.367879	0.367879	0.367879	0.367879	0.367879	0.367879	0.367879	0.367879	0.367879	0.367879	0.367879	0.367879	0.367879	0.367879	
0.367879	0.367879	0.367879	0.367879	0.367879	0.367879	0.367879	0.367879	0.367879	0.367879	0.367879	0.367879	0.367879	0.367879	0.367879	0.367879	0.367879	0.367879	0.367879	0.367879	0.367879	0.367879	0.367879	0.367879	0.367879	0.367879	0.367879	0.367879	0.405752	0.405752	0.405752	0.405752	0.405752	0.405752	0.405752	0.405752	0.405752	0.405752	0.405752	0.405752	1.13257	1.13257	4.37969	1.56907	0.367879	0.367879	0.367879	0.367879	0.367879	0.367879	0.367879	0.367879	0.367879	0.367879	0.367879	0.367879	0.367879	0.367879	0.367879	0.367879	0.367879	0.367879	0.367879	
0.367879	0.367879	0.367879	0.367879	0.367879	0.367879	0.367879	0.367879	0.367879	0.367879	0.367879	0.367879	0.367879	0.367879	0.367879	0.367879	0.367879	0.367879	0.367879	0.367879	0.367879	0.367879	0.367879	0.367879	0.367879	0.367879	0.367879	0.367879	0.405752	0.405752	0.405752	0.405752	0.405752	0.405752	0.405752	0.405752	0.405752	0.405752	0.405752	0.405752	1.13257	1.13257	4.37969	1.56907	0.424233	0.424233	0.424233	0.424233	0.424233	0.424233	0.424233	0.424233	0.424233	0.424233	0.424233	0.367879	0.367879	0.367879	0.367879	0.367879	0.367879	0.367879	0.367879	
0.367879	0.367879	0.367879	0.367879	0.367879	0.367879	0.367879	0.367879	0.367879	0.367879	0.367879	0.367879	0.367879	0.367879	0.367879	0.367879	0.367879	0.367879	0.367879	0.367879	0.367879	0.367879	0.367879	0.367879	0.367879	0.367879	0.367879	0.367879	0.405752	0.405752	0.405752	0.405752	0.405752	0.405752	0.405752	0.405752	0.405752	0.405752	0.405752	0.405752	1.13257	1.13257	1.13257	0.405752	0.424233	0.424233	0.424233	0.424233	0.424233	0.424233	0.424233	0.424233	0.424233	0.424233	0.424233	0.367879	0.367879	0.367879	0.367879	0.367879	0.367879	0.367879	0.367879	
0.367879	0.367879	0.367879	0.367879	0.367879	0.367879	0.367879	0.367879	0.367879	0.367879	0.367879	0.367879	0.367879	0.367879	0.367879	0.367879	0.367879	0.367879	0.367879	0.367879	0.367879	0.367879	0.367879	0.367879	0.367879	0.367879	0.367879	0.367879	0.405752	0.405752	0.405752	0.405752	0.405752	0.405752	0.405752	0.405752	0.405752	0.405752	0.405752	0.405752	0.405752	0.405752	0.405752	0.405752	0.424233	0.424233	0.424233	0.424233	0.424233	0.424233	0.424233	0.424233	0.424233	0.424233	0.424233	0.367879	0.367879	0.367879	0.367879	0.367879	0.367879	0.367879	0.367879	
0.367879	0.367879	0.367879	0.367879	0.367879	0.367879	0.367879	0.367879	0.367879	0.367879	0.367879	0.367879	0.367879	0.367879	0.367879	0.367879	0.367879	0.367879	0.367879	0.367879	0.367879	0.367879	0.367879	0.367879	0.367879	0.367879	0.367879	0.367879	0.405752	0.405752	0.405752	0.405752	0.405752	0.405752	0.405752	0.405752	0.405752	0.405752	0.405752	0.405752	0.405752	0.405752	0.405752	0.405752	0.424233	0.424233	0.424233	0.424233	0.424233	0.424233	0.424233	0.424233	0.424233	0.424233	0.424233	0.367879	0.367879	0.367879	0.367879	0.367879	0.367879	0.367879	0.367879	
0.367879	0.367879	0.367879	0.367879	0.367879	0.367879	0.367879	0.367879	0.367879	0.367879	0.367879	0.367879	0.367879	0.367879	0.367879	0.367879	0.367879	0.367879	0.367879	0.367879	0.367879	0.367879	0.367879	0.367879	0.367879	0.367879	0.367879	0.367879	0.405752	0.405752	0.405752	0.405752	0.405752	0.405752	0.405752	0.405752	0.405752	0.405752	0.405752	0.405752	0.405752	0.405752	0.405752	0.405752	0.424233	0.424233	0.424233	0.424233	0.424233	0.424233	0.424233	0.424233	0.424233	0.424233	0.424233	0.367879	0.367879	0.367879	0.367879	0.367879	0.367879	0.367879	0.367879	
0.367879	0.367879	0.367879	0.367879	0.367879	0.367879	0.367879	0.367879	0.367879	0.367879	0.367879	0.367879	0.367879	0.367879	0.367879	0.367879	0.367879	0.367879	0.367879	0.367879	0.367879	0.367879	0.367879	0.367879	0.367879	0.367879	0.367879	0.367879	0.405752	0.405752	0.405752	0.405752	0.405752	0.405752	0.405752	0.405752	0.405752	0.405752	0.405752	0.405752	0.405752	0.405752	0.405752	0.405752	0.424233	0.424233	0.424233	0.424233	0.424233	0.424233	0.424233	0.424233	0.424233	0.424233	0.424233	0.367879	0.367879	0.367879	0.367879	0.367879	0.367879	0.367879	0.367879	
0.367879	0.367879	0.367879	0.367879	0.367879	0.367879	0.367879	0.367879	0.367879	0.367879	0.367879	0.367879	0.367879	0.367879	0.367879	0.367879	0.367879	0.367879	0.367879	0.367879	0.367879	0.367879	0.367879	0.367879	0.367879	0.367879	0.367879	0.367879	0.405752	0.405752	0.405752	0.405752	0.405752	0.405752	0.405752	0.405752	0.405752	0.405752	0.405752	0.405752	0.405752	0.405752	0.405752	0.405752	0.424233	0.424233	0.424233	0.424233	0.424233	0.424233	0.424233	0.424233	0.424233	0.424233	0.424233	0.367879	0.367879	0.367879	0.367879	0.367879	0.367879	0.367879	0.367879	
0.367879	0.367879	0.367879	0.367879	0.367879	0.367879	0.367879	0.367879	0.367879	0.367879	0.367879	0.367879	0.367879	0.367879	0.367879	0.367879	0.367879	0.367879	0.367879	0.367879	0.367879	0.367879	0.367879	0.367879	0.367879	0.367879	0.367879	0.367879	0.405752	0.405752	0.405752	0.405752	0.405752	0.405752	0.405752	0.405752	0.405752	0.405752	0.405752	0.405752	0.405752	0.405752	0.405752	0.405752	0.424233	0.424233	0.424233	0.424233	0.424233	0.424233	0.424233	0.424233	0.424233	0.424233	0.424233	0.367879	0.367879	0.367879	0.367879	0.367879	0.367879	0.367879	0.367879	
0.367879	0.367879	0.367879	0.367879	0.367879	0.367879	0.367879	0.367879	0.367879	0.367879	0.367879	0.367879	0.367879	0.367879	0.367879	0.367879	0.367879	0.367879	0.367879	0.367879	0.367879	0.367879	0.367879	0.367879	0.367879	0.367879	0.367879	0.367879	0.405752	0.405752	0.405752	0.405752	0.405752	0.405752	0.405752	0.405752	0.405752	0.405752	0.405752	0.405752	0.405752	0.405752	0.405752	0.405752	0.424233	0.424233	0.424233	0.424233	0.424233	0.424233	0.424233	0.424233	0.424233	0.424233	0.424233	0.367879	0.367879	0.367879	0.367879	0.367879	0.367879	0.367879	0.367879	
0.367879	0.367879	0.367879	0.367879	0.367879	0.367879	0.367879	0.367879	0.367879	0.367879	0.367879	0.367879	0.367879	0.367879	0.367879	0.367879	0.367879	0.367879	0.367879	0.367879	0.367879	0.367879	0.367879	0.367879	0.367879	0.367879	0.367879	0.367879	0.405752	0.405752	0.405752	0.405752	0.405752	0.405752	0.405752	0.405752	0.405752	0.405752	0.405752	0.405752	0.405752	0.405752	0.405752	0.405752	0.424233	0.424233	0.424233	0.424233	0.424233	0.424233	0.424233	0.424233	0.424233	0.424233	0.424233	0.367879	0.367879	0.367879	0.367879	0.367879	0.367879	0.367879	0.367879	
0.367879	0.367879	0.367879	0.367879	0.367879	0.367879	0.367879	0.367879	0.367879	0.367879	0.367879	0.367879	0.367879	0.367879	0.367879	0.367879	0.367879	0.367879	0.367879	0.367879	0.367879	0.367879	0.367879	0.367879	0.367879	0.367879	0.367879	0.367879	0.405752	0.405752	0.405752	0.405752	0.405752	0.405752	0.405752	0.405752	0.405752	0.405752	0.405752	0.405752	0.405752	0.405752	0.405752	0.405752	0.424233	0.424233	0.424233	0.424233	0.424233	0.424233	0.424233	0.424233	0.424233	0.424233	0.424233	0.367879	0.367879	0.367879	0.367879	0.367879	0.367879	0.367879	0.367879	
0.367879	0.367879	0.367879	0.367879	0.367879	0.367879	0.367879	0.367879	0.367879	0.367879	0.367879	0.367879	0.367879	0.367879	0.367879	0.367879	0.367879	0.367879	0.367879	0.367879	0.367879	0.367879	0.367879	0.367879	0.367879	0.367879	0.367879	0.367879	0.405752	0.405752	0.405752	0.405752	0.405752	0.405752	0.405752	0.405752	0.405752	0.405752	0.405752	0.405752	0.405752	0.405752	0.405752	0.405752	0.424233	0.424233	0.424233	0.424233	0.424233	0.424233	0.424233	0.424233	0.424233	0.424233	0.424233	0.367879	0.367879	0.367879	0.367879	0.367879	0.367879	0.367879	0.367879	
0.367879	0.367879	0.367879	0.367879	0.367879	0.367879	0.367879	0.367879	0.367879	0.367879	0.367879	0.367879	0.367879	0.367879	0.367879	0.367879	0.367879	0.367879	0.367879	0.367879	0.367879	0.367879	0.367879	0.367879	0.367879	0.367879	0.367879	0.367879	0.405752	0.405752	0.405752	0.405752	0.405752	0.405752	0.405752	0.405752	0.405752	0.405752	0.405752	0.405752	0.405752	0.405752	0.405752	0.405752	0.424233	0.424233	0.424233	0.424233	0.424233	0.424233	0.424233	0.424233	0.424233	0.424233	0.424233	0.367879	0.367879	0.367879	0.367879	0.367879	0.367879	0.367879	0.367879	
0.367879	0.367879	0.367879	0.367879	0.367879	0.367879	0.367879	0.450182	0.450182	0.450182	0.450182	0.450182	0.450182	0.450182	0.450182	0.450182	0.450182	0.450182	0.450182	0.450182	0.450182	0.450182	0.450182	0.450182	0.450182	0.450182	0.450182	0.450182	0.496527	0.496527	0.496527	0.496527	0.496527	0.496527	0.496527	0.496527	0.496527	0.496527	0.496527	0.496527	0.496527	0.496527	0.496527	0.496527	0.519142	0.519142	0.519142	0.519142	0.519142	0.519142	0.519142	0.519142	0.519142	0.519142	0.519142	0.450182	0.367879	0.367879	0.367879	0.367879	0.367879	0.367879	0.367879	
0.367879	0.367879	0.367879	0.367879	0.367879	0.367879	0.367879	0.450182	0.450182	0.450182	0.450182	0.450182	0.450182	0.450182	0.450182	0.450182	0.450182	0.450182	0.450182	0.450182	0.450182	0.450182	0.450182	0.450182	0.450182	0.450182	0.450182	0.450182	0.496527	0.496527	0.496527	0.496527	0.496527	0.496527	0.496527	0.496527	0.496527	0.496527	0.496527	0.496527	0.496527	0.496527	0.496527	0.496527	0.519142	0.519142	0.519142	0.519142	0.519142	0.519142	0.519142	0.519142	0.519142	0.519142	0.519142	0.450182	0.367879	0.367879	0.367879	0.367879	0.367879	0.367879	0.367879	
0.367879	0.367879	0.367879	0.367879	0.367879	0.367879	0.367879	0.450182	0.450182	0.450182	0.450182	0.450182	0.450182	0.450182	0.450182	0.450182	0.450182	0.450182	0.450182	0.450182	0.450182	0.450182	0.450182	0.450182	0.450182	0.450182	0.450182	0.450182	0.496527	0.496527	0.496527	0.496527	0.496527	0.496527	0.496527	0.496527	0.496527	0.496527	0.496527	0.496527	0.496527	0.496527	0.496527	0.496527	0.519142	0.519142	0.519142	0.519142	0.519142	0.519142	0.519142	0.519142	0.519142	0.519142	0.519142	0.450182	0.367879	0.367879	0.367879	0.367879	0.367879	0.367879	0.367879	
0.367879	0.367879	0.367879	0.367879	0.367879	0.367879	0.367879	0.450182	0.450182	0.450182	0.450182	0.450182	0.450182	0.450182	0.450182	0.450182	0.450182	0.450182	0.450182	0.450182	0.450182	0.450182	0.450182	0.450182	0.450182	0.450182	0.450182	0.450182	0.496527	0.496527	0.496527	0.496527	0.496527	0.496527	0.496527	0.496527	0.496527	0.496527	0.496527	0.496527	0.496527	0.496527	0.496527	0.496527	0.519142	0.519142	0.519142	0.519142	0.519142	0.519142	0.519142	0.519142	0.519142	0.519142	0.519142	0.450182	0.367879	0.367879	0.367879	0.367879	0.367879	0.367879	0.367879	
0.367879	0.367879	0.367879	0.367879	0.367879	0.367879	0.367879	0.450182	0.450182	0.450182	0.450182	0.450182	0.450182	0.450182	0.450182	0.450182	0.450182	0.450182	0.450182	0.450182	0.450182	0.450182	0.450182	0.450182	0.450182	0.450182	0.450182	0.450182	0.496527	0.496527	0.496527	0.496527	0.496527	0.496527	0.496527	0.496527	0.496527	0.496527	0.496527	0.496527	0.496527	0.496527	0.496527	0.496527	0.519142	0.519142	0.519142	0.519142	0.519142	0.519142	0.519142	0.519142	0.519142	0.519142	0.519142	0.450182	0.367879	0.367879	0.367879	0.367879	0.367879	0.367879	0.367879	
0.367879	0.367879	0.367879	0.367879	0.367879	0.367879	0.367879	0.450182	0.450182	0.450182	0.450182	0.450182	0.450182	0.450182	0.450182	0.450182	0.450182	0.450182	0.450182	0.450182	0.450182	0.450182	0.450182	0.450182	0.450182	0.450182	0.450182	0.450182	0.496527	0.496527	0.496527	0.496527	0.496527	0.496527	0.496527	0.496527	0.496527	0.496527	0.496527	0.496527	0.496527	0.496527	0.496527	0.496527	0.519142	0.519142	0.519142	0.519142	0.519142	0.519142	0.519142	0.519142	0.519142	0.519142	0.519142	0.450182	0.367879	0.367879	0.367879	0.367879	0.367879	0.367879	0.367879	
0.367879	0.367879	0.367879	0.367879	0.367879	0.367879	0.367879	0.367879	0.367879	0.367879	0.367879	0.367879	0.367879	0.367879	0.367879	0.367879	0.367879	0.367879	0.367879	0.367879	0.367879	0.367879	0.367879	0.367879	0.367879	0.367879	0.367879	0.367879	0.405752	0.405752	0.405752	0.405752	0.405752	0.405752	0.405752	0.405752	0.405752	0.405752	0.405752	0.405752	0.405752	0.405752	0.405752	0.405752	0.424233	0.424233	0.424233	0.424233	0.424233	0.424233	0.424233	0.424233	0.424233	0.424233	0.424233	0.367879	0.367879	0.367879	0.367879	0.367879	0.367879	0.367879	0.367879	
0.367879	0.367879	0.367879	0.367879	0.367879	0.367879	0.367879	0.367879	0.367879	0.367879	0.367879	0.367879	0.367879	0.367879	0.367879	0.367879	0.367879	0.367879	0.367879	0.367879	0.367879	0.367879	0.367879	0.367879	0.367879	0.367879	0.367879	0.367879	0.405752	0.405752	0.405752	0.405752	0.405752	0.405752	0.405752	0.405752	0.405752	0.405752	0.405752	0.405752	0.405752	0.405752	0.405752	0.405752	0.424233	0.424233	0.424233	0.424233	0.424233	0.424233	0.424233	0.424233	0.424233	0.424233	0.424233	0.367879	0.367879	0.367879	0.367879	0.367879	0.367879	0.367879	0.367879	
0.367879	0.367879	0.367879	0.367879	0.367879	0.367879	0.367879	0.367879	0.367879	0.367879	0.367879	0.367879	0.367879	0.367879	0.367879	0.367879	0.367879	0.367879	0.367879	0.367879	0.367879	0.367879	0.367879	0.367879	0.367879	0.367879	0.367879	0.367879	0.405752	0.405752	0.405752	0.405752	0.405752	0.405752	0.405752	0.405752	0.405752	0.405752	0.405752	0.405752	0.405752	0.405752	0.405752	0.405752	0.424233	0.424233	0.424233	0.424233	0.424233	0.424233	0.424233	0.424233	0.424233	0.424233	0.424233	0.367879	0.367879	0.367879	0.367879	0.367879	0.367879	0.367879	0.367879	
0.367879	0.367879	0.367879	0.367879	0.367879	0.367879	0.367879	0.367879	0.367879	0.367879	0.367879	0.367879	0.367879	0.367879	0.367879	0.367879	0.367879	0.367879	0.367879	0.367879	0.367879	0.367879	0.367879	0.367879	0.367879	0.367879	0.367879	0.367879	0.405752	0.405752	0.405752	0.405752	0.405752	0.405752	0.405752	0.405752	0.405752	0.405752	0.405752	0.405752	0.405752	0.405752	0.405752	0.405752	0.424233	0.424233	0.424233	0.424233	0.424233	0.424233	0.424233	0.424233	0.424233	0.424233	0.424233	0.367879	0.367879	0.367879	0.367879	0.367879	0.367879	0.367879	0.367879	
0.367879	0.367879	0.367879	0.367879	0.367879	0.367879	0.367879	0.367879	0.367879	0.367879	0.367879	0.367879	0.367879	0.367879	0.367879	0.367879	0.367879	0.367879	0.367879	0.367879	0.367879	0.367879	0.367879	0.367879	0.367879	0.367879	0.367879	0.367879	0.405752	0.405752	0.405752	0.405752	0.405752	0.405752	0.405752	0.405752	0.405752	0.405752	0.405752	0.405752	0.405752	0.405752	0.405752	0.405752	0.424233	0.424233	0.424233	0.424233	0.424233	0.424233	0.424233	0.424233	0.424233	0.424233	0.424233	0.367879	0.367879	0.367879	0.367879	0.367879	0.367879	0.367879	0.367879	
0.367879	0.367879	0.367879	0.367879	0.367879	0.367879	0.367879	0.367879	0.367879	0.367879	0.367879	0.367879	0.367879	0.367879	0.367879	0.367879	0.367879	0.367879	0.367879	0.367879	0.367879	0.367879	0.367879	0.367879	0.367879	0.367879	0.367879	0.367879	0.405752	0.405752	0.405752	0.405752	0.405752	0.405752	0.405752	0.405752	0.405752	0.405752	0.405752	0.405752	0.405752	0.405752	0.405752	0.405752	0.424233	0.424233	0.424233	0.424233	0.424233	0.424233	0.424233	0.424233	0.424233	0.424233	0.424233	0.367879	0.367879	0.367879	0.367879	0.367879	0.367879	0.367879	0.367879	
0.367879	0.367879	0.367879	0.367879	0.367879	0.367879	0.367879	0.367879	0.367879	0.367879	0.367879	0.367879	0.367879	0.367879	0.367879	0.367879	0.367879	0.367879	0.367879	0.367879	0.367879	0.367879	0.367879	0.367879	0.367879	0.367879	0.367879	0.367879	0.405752	0.405752	0.405752	0.405752	0.405752	0.405752	0.405752	0.405752	0.405752	0.405752	0.405752	0.405752	0.405752	0.405752	0.405752	0.405752	0.424233	0.424233	0.424233	0.424233	0.424233	0.424233	0.424233	0.424233	0.424233	0.424233	0.424233	0.367879	0.367879	0.367879	0.367879	0.367879	0.367879	0.367879	0.367879	
0.367879	0.367879	0.367879	0.367879	0.367879	0.367879	0.367879	0.367879	0.367879	0.367879	0.367879	0.367879	0.367879	0.367879	0.367879	0.367879	0.367879	0.367879	0.367879	0.367879	0.367879	0.367879	0.367879	0.367879	0.367879	0.367879	0.367879	0.367879	0.405752	0.405752	0.405752	0.405752	0.405752	0.405752	0.405752	0.405752	0.405752	0.405752	0.405752	0.405752	0.405752	0.405752	0.405752	0.405752	0.424233	0.424233	0.424233	0.424233	0.424233	0.424233	0.424233	0.424233	0.424233	0.424233	0.424233	0.367879	0.367879	0.367879	0.367879	0.367879	0.367879	0.367879	0.367879	
0.367879	0.367879	0.367879	0.367879	0.367879	0.367879	0.367879	0.367879	0.367879	0.367879	0.367879	0.367879	0.367879	0.367879	0.367879	0.367879	0.367879	0.367879	0.367879	0.367879	0.367879	0.367879	0.367879	0.367879	0.367879	0.367879	0.367879	0.367879	0.405752	0.405752	0.405752	0.405752	0.405752	0.405752	0.405752	0.405752	0.405752	0.405752	0.405752	0.405752	0.405752	0.405752	0.405752	0.405752	0.424233	0.424233	0.424233	0.424233	0.424233	0.424233	0.424233	0.424233	0.424233	0.424233	0.424233	0.367879	0.367879	0.367879	0.367879	0.367879	0.367879	0.367879	0.367879	
0.367879	0.367879	0.367879	0.367879	0.367879	0.367879	0.367879	0.367879	0.367879	0.367879	0.367879	0.367879	0.367879	0.367879	0.367879	0.367879	0.367879	0.367879	0.367879	0.367879	0.367879	0.367879	0.367879	0.367879	0.367879	0.367879	0.367879	0.367879	0.405752	0.405752	0.405752	0.405752	0.405752	0.405752	0.405752	0.405752	0.405752	0.405752	0.405752	0.405752	0.405752	0.405752	0.405752	0.405752	0.424233	0.424233	0.424233	0.424233	0.424233	0.424233	0.424233	0.424233	0.424233	0.424233	0.424233	0.367879	0.367879	0.367879	0.367879	0.367879	0.367879	0.367879	0.367879	
0.367879	0.367879	0.367879	0.367879	0.367879	0.367879	0.367879	0.367879	0.367879	0.367879	0.367879	0.367879	0.367879	0.367879	0.367879	0.367879	0.367879	0.367879	0.367879	0.367879	0.367879	0.367879	0.367879	0.367879	0.367879	0.367879	0.367879	0.367879	0.405752	0.405752	0.405752	0.405752	0.405752	0.405752	0.405752	0.405752	0.405752	0.405752	0.405752	0.405752	0.405752	0.405752	0.405752	0.405752	0.367879	0.367879	0.367879	0.367879	0.367879	0.367879	0.367879	0.367879	0.367879	0.367879	0.367879	0.367879	0.367879	0.367879	0.367879	0.367879	0.367879	0.367879	0.367879	
0.367879	0.367879	0.367879	0.367879	0.367879	0.367879	0.367879	0.367879	0.367879	0.367879	0.367879	0.367879	0.367879	0.367879	0.367879	0.367879	0.367879	0.367879	0.367879	0.367879	0.367879	0.367879	0.367879	0.367879	0.367879	0.367879	0.367879	0.367879	0.405752	0.405752	0.405752	0.405752	0.405752	0.405752	0.405752	0.405752	0.405752	0.405752	0.405752	0.405752	0.405752	0.405752	0.405752	0.405752	0.367879	0.367879	0.367879	0.367879	0.367879	0.367879	0.367879	0.367879	0.367879	0.367879	0.367879	0.367879	0.367879	0.367879	0.367879	0.367879	0.367879	0.367879	0.367879	
0.367879	0.367879	0.367879	0.367879	0.367879	0.367879	0.367879	0.367879	0.367879	0.367879	0.367879	0.367879	0.367879	0.367879	0.367879	0.367879	0.367879	0.367879	0.367879	0.367879	0.367879	0.367879	0.367879	0.367879	0.367879	0.367879	0.367879	0.367879	0.367879	0.367879	0.367879	0.367879	0.367879	0.367879	0.367879	0.367879	0.367879	0.367879	0.367879	0.367879	0.367879	0.367879	0.367879	0.367879	0.367879	0.367879	0.367879	0.367879	0.367879	0.367879	0.367879	0.367879	0.367879	0.367879	0.367879	0.367879	0.367879	0.367879	0.367879	0.367879	0.367879	0.367879	0.367879	
