0.367879	0.367879	0.367879	0.367879	0.367879	0.367879	0.367879	0.367879	0.367879	0.367879	0.367879	0.367879	0.367879	0.367879	0.367879	0.367879	0.367879	0.367879	0.367879	0.367879	0.367879	0.367879	0.367879	0.367879	0.367879	0.367879	0.367879	0.367879	0.367879	0.367879	0.367879	0.367879	0.367879	0.367879	0.367879	0.367879	0.367879	0.367879	0.367879	0.367879	0.367879	0.367879	0.367879	0.367879	0.367879	0.367879	0.367879	0.367879	0.367879	0.367879	0.367879	0.367879	0.367879	0.367879	0.367879	0.367879	0.367879	0.367879	0.367879	0.367879	0.367879	0.367879	0.367879	
0.367879	0.367879	0.367879	0.367879	0.367879	0.367879	0.367879	0.367879	0.367879	0.367879	0.367879	0.367879	0.367879	0.367879	0.367879	0.367879	0.367879	0.367879	0.367879	0.367879	0.367879	0.367879	0.367879	0.367879	0.367879	0.367879	0.367879	0.367879	0.367879	0.367879	0.367879	0.367879	0.367879	0.367879	0.367879	0.367879	0.367879	0.367879	0.367879	0.367879	0.367879	0.367879	0.367879	0.367879	0.367879	0.367879	0.367879	0.367879	0.367879	0.367879	0.367879	0.367879	0.367879	0.367879	0.367879	0.367879	0.367879	0.367879	0.367879	0.367879	0.367879	0.367879	0.367879	
0.367879	0.367879	0.367879	0.367879	0.367879	0.367879	0.367879	0.367879	0.367879	0.367879	0.395388	0.395388	0.395388	0.395388	0.395388	0.395388	0.395388	0.395388	0.395388	0.395388	0.395388	0.395388	0.395388	0.395388	0.395388	0.395388	0.395388	0.395388	0.395388	0.395388	0.395388	0.395388	0.395388	0.395388	0.395388	0.395388	0.395388	0.395388	0.395388	0.395388	0.395388	0.395388	0.395388	0.395388	0.395388	0.395388	0.395388	0.395388	0.395388	0.395388	0.395388	0.395388	0.395388	0.367879	0.367879	0.367879	0.367879	0.367879	0.367879	0.367879	0.367879	0.367879	0.367879	
0.367879	0.367879	0.367879	0.367879	0.367879	0.367879	0.367879	0.367879	0.367879	0.367879	0.395388	0.395388	0.395388	0.395388	0.395388	0.395388	0.395388	0.395388	0.395388	0.395388	0.395388	0.395388	0.395388	0.395388	0.395388	0.395388	0.395388	0.395388	0.395388	0.395388	0.395388	0.395388	0.395388	0.395388	0.395388	0.395388	0.395388	0.395388	0.395388	0.395388	0.395388	0.395388	0.395388	0.395388	0.395388	0.395388	0.395388	0.395388	0.395388	0.395388	0.395388	0.395388	0.395388	0.367879	0.367879	0.367879	0.367879	0.367879	0.367879	0.367879	0.367879	0.367879	0.367879	
0.367879	0.367879	0.367879	0.367879	0.367879	0.367879	0.367879	0.367879	0.367879	0.367879	0.395388	0.395388	0.395388	0.395388	0.395388	0.395388	0.395388	0.395388	0.395388	0.395388	0.395388	0.395388	0.395388	0.395388	0.395388	0.395388	0.395388	0.395388	0.395388	0.395388	0.395388	0.395388	0.395388	0.395388	0.395388	0.395388	0.395388	0.395388	0.395388	0.395388	0.395388	0.395388	0.395388	0.395388	0.395388	0.395388	0.395388	0.395388	0.395388	0.395388	0.395388	0.395388	0.395388	0.367879	0.367879	0.367879	0.367879	0.367879	0.367879	0.367879	0.367879	0.367879	0.367879	
0.367879	0.367879	0.367879	0.367879	0.367879	0.367879	0.367879	0.367879	0.367879	0.367879	0.427189	0.427189	0.427189	0.427189	0.427189	0.427189	0.427189	0.427189	0.427189	0.427189	0.427189	0.427189	0.427189	0.427189	0.427189	0.427189	0.427189	0.427189	0.427189	0.427189	0.427189	0.427189	0.427189	0.427189	0.427189	0.427189	0.427189	0.427189	0.427189	0.427189	0.427189	0.427189	0.427189	0.427189	0.427189	0.427189	0.427189	0.427189	0.427189	0.427189	0.427189	0.427189	0.427189	0.367879	0.367879	0.367879	0.367879	0.367879	0.367879	0.367879	0.367879	0.367879	0.367879	
0.367879	0.367879	0.367879	0.367879	0.367879	0.367879	0.367879	0.367879	0.367879	0.367879	0.456471	0.456471	0.456471	0.456471	0.456471	0.456471	0.456471	0.456471	0.456471	0.456471	0.456471	0.456471	0.456471	0.456471	0.456471	0.456471	0.456471	0.456471	0.456471	0.456471	0.456471	0.456471	0.456471	0.456471	0.456471	0.456471	0.427189	0.427189	0.427189	0.427189	0.427189	0.427189	0.427189	0.427189	0.427189	0.427189	0.427189	0.427189	0.427189	0.427189	0.427189	0.427189	0.427189	0.367879	0.367879	0.367879	0.367879	0.367879	0.367879	0.367879	0.367879	0.367879	0.367879	
0.367879	0.367879	0.367879	0.367879	0.367879	0.367879	0.367879	0.367879	0.367879	0.367879	0.456471	0.456471	0.456471	0.456471	0.456471	0.456471	0.456471	0.456471	0.456471	0.456471	0.456471	0.456471	0.456471	0.456471	0.456471	0.456471	0.456471	0.456471	0.456471	0.456471	0.456471	0.456471	0.456471	0.456471	0.456471	0.456471	0.427189	0.427189	0.427189	0.427189	0.427189	0.427189	0.427189	0.427189	0.427189	0.427189	0.427189	0.427189	0.427189	0.427189	0.427189	0.427189	0.427189	0.367879	0.367879	0.367879	0.367879	0.367879	0.367879	0.367879	0.367879	0.367879	0.367879	
0.367879	0.367879	0.367879	0.367879	0.367879	0.367879	0.40236	0.40236	0.40236	0.40236	0.499255	0.499255	0.499255	0.499255	0.499255	0.499255	0.499255	0.499255	0.499255	0.499255	0.499255	0.499255	0.499255	0.499255	0.499255	0.499255	0.499255	0.499255	0.499255	0.499255	0.499255	0.499255	0.499255	0.499255	0.499255	0.499255	0.467229	0.467229	0.467229	0.467229	0.467229	0.467229	0.467229	0.427189	0.427189	0.427189	0.427189	0.427189	0.427189	0.427189	0.427189	0.427189	0.427189	0.367879	0.367879	0.367879	0.367879	0.367879	0.367879	0.367879	0.367879	0.367879	0.367879	
0.367879	0.367879	0.367879	0.367879	0.367879	0.367879	0.40236	0.40236	0.40236	0.40236	0.499255	0.499255	0.499255	0.499255	0.499255	0.499255	0.499255	0.499255	0.499255	0.499255	0.499255	0.499255	0.499255	0.499255	0.499255	0.499255	0.499255	0.499255	0.499255	0.499255	0.499255	0.499255	0.499255	0.499255	0.499255	0.499255	0.467229	0.467229	0.467229	0.467229	0.467229	0.467229	0.467229	0.427189	0.427189	0.427189	0.427189	0.427189	0.427189	0.427189	0.427189	0.427189	0.427189	0.367879	0.367879	0.367879	0.367879	0.367879	0.367879	0.367879	0.367879	0.367879	0.367879	
0.367879	0.367879	0.367879	0.367879	0.367879	0.367879	0.40236	0.40236	0.40236	0.40236	0.499255	0.499255	0.499255	0.499255	0.499255	0.499255	0.499255	0.499255	0.499255	0.499255	0.499255	0.499255	0.499255	0.499255	0.499255	0.499255	0.499255	0.499255	0.499255	0.499255	0.499255	0.499255	0.499255	0.499255	0.499255	0.499255	0.467229	0.467229	0.467229	0.467229	0.467229	0.467229	0.467229	0.427189	0.427189	0.427189	0.427189	0.427189	0.427189	0.427189	0.427189	0.427189	0.427189	0.367879	0.367879	0.367879	0.367879	0.367879	0.367879	0.367879	0.367879	0.367879	0.367879	
0.367879	0.367879	0.367879	0.367879	0.367879	0.367879	0.40236	0.40236	0.40236	0.40236	0.499255	0.499255	0.499255	0.499255	0.499255	0.499255	0.499255	0.499255	0.499255	0.499255	0.499255	0.499255	0.499255	0.499255	0.499255	0.499255	0.499255	0.499255	0.499255	0.499255	0.499255	0.499255	0.499255	0.499255	0.499255	0.499255	0.467229	0.467229	0.467229	0.467229	0.467229	0.467229	0.467229	0.427189	0.427189	0.427189	0.427189	0.427189	0.427189	0.427189	0.427189	0.427189	0.427189	0.367879	0.367879	0.367879	0.367879	0.367879	0.367879	0.367879	0.367879	0.367879	0.367879	
0.367879	0.367879	0.367879	0.367879	0.367879	0.367879	0.40236	0.40236	0.40236	0.40236	0.541743	0.541743	0.541743	0.541743	0.541743	0.541743	0.541743	0.541743	0.541743	0.541743	0.541743	0.541743	0.541743	0.541743	0.541743	0.541743	0.541743	0.541743	0.541743	0.541743	0.541743	0.541743	0.541743	0.541743	0.541743	0.541743	0.467229	0.467229	0.467229	0.467229	0.467229	0.467229	0.467229	0.427189	0.427189	0.427189	0.427189	0.427189	0.427189	0.427189	0.427189	0.427189	0.427189	0.367879	0.367879	0.367879	0.367879	0.367879	0.367879	0.367879	0.367879	0.367879	0.367879	
0.367879	0.367879	0.367879	0.367879	0.367879	0.367879	0.40236	0.40236	0.40236	0.40236	0.541743	0.541743	0.541743	0.541743	0.541743	0.541743	0.541743	0.541743	0.541743	0.541743	0.541743	0.541743	0.541743	0.541743	0.541743	0.541743	0.541743	0.541743	0.541743	0.541743	0.541743	0.541743	0.541743	0.541743	0.541743	0.541743	0.467229	0.467229	0.467229	0.467229	0.467229	0.467229	0.467229	0.427189	0.427189	0.427189	0.427189	0.427189	0.427189	0.427189	0.427189	0.427189	0.427189	0.367879	0.367879	0.367879	0.367879	0.367879	0.367879	0.367879	0.367879	0.367879	0.367879	
0.367879	0.367879	0.367879	0.367879	0.367879	0.367879	0.40236	0.40236	0.40236	0.40236	0.541743	0.541743	0.541743	0.541743	0.541743	0.541743	0.541743	0.541743	0.541743	0.541743	0.541743	0.541743	0.541743	0.541743	0.541743	0.541743	0.541743	0.541743	0.541743	0.541743	0.541743	0.541743	0.541743	0.541743	0.541743	0.541743	0.467229	0.467229	0.467229	0.467229	0.467229	0.467229	0.467229	0.427189	0.427189	0.427189	0.427189	0.427189	0.427189	0.427189	0.427189	0.427189	0.427189	0.367879	0.367879	0.367879	0.367879	0.367879	0.367879	0.367879	0.367879	0.367879	0.367879	
0.367879	0.367879	0.367879	0.367879	0.367879	0.367879	0.40236	0.40236	0.40236	0.40236	0.541743	0.541743	0.541743	0.541743	0.541743	0.541743	0.541743	0.541743	0.541743	0.541743	0.541743	0.541743	0.541743	0.541743	0.541743	0.541743	0.541743	0.541743	0.541743	0.541743	0.541743	0.541743	0.541743	0.541743	0.541743	0.541743	0.467229	0.467229	0.467229	0.467229	0.467229	0.467229	1.8068	1.65196	0.427189	0.427189	0.427189	0.427189	0.427189	0.427189	0.427189	0.427189	0.427189	0.367879	0.367879	0.367879	0.367879	0.367879	0.367879	0.367879	0.367879	0.367879	0.367879	
0.367879	0.367879	0.367879	0.367879	0.367879	0.367879	0.40236	0.40236	0.40236	0.40236	0.541743	0.541743	0.541743	0.541743	0.541743	0.541743	0.541743	0.541743	0.541743	0.541743	0.541743	0.541743	0.541743	0.541743	0.541743	0.541743	0.541743	0.541743	0.541743	0.541743	0.541743	0.541743	0.541743	0.541743	0.541743	0.541743	0.467229	0.467229	0.467229	0.467229	1.30416	1.30416	5.04328	1.87629	0.485198	0.485198	0.485198	0.485198	0.485198	0.485198	0.485198	0.485198	0.485198	0.417834	0.417834	0.367879	0.367879	0.367879	0.367879	0.367879	0.367879	0.367879	0.367879	
0.367879	0.367879	0.367879	0.367879	0.367879	0.367879	0.40236	0.40236	0.40236	0.40236	0.644786	0.644786	0.644786	0.644786	0.644786	0.644786	0.644786	0.644786	0.644786	0.644786	0.644786	0.644786	0.644786	0.644786	0.644786	0.644786	0.644786	0.644786	0.644786	0.644786	0.644786	0.644786	0.644786	0.644786	0.644786	0.644786	0.5561	0.5561	0.5561	0.5561	1.55223	1.55223	6.00255	1.87629	0.485198	0.485198	0.485198	0.485198	0.485198	0.485198	0.485198	0.485198	0.485198	0.417834	0.417834	0.367879	0.367879	0.367879	0.367879	0.367879	0.367879	0.367879	0.367879	
0.367879	0.367879	0.367879	0.367879	0.367879	0.367879	0.40236	0.40236	0.40236	0.40236	0.773924	0.773924	0.773924	0.773924	0.773924	0.773924	0.773924	0.773924	0.773924	0.773924	0.773924	0.773924	0.773924	0.773924	0.773924	0.773924	0.773924	0.773924	0.773924	0.773924	0.773924	0.773924	0.773924	0.773924	0.773924	0.773924	0.667476	0.667476	0.667476	0.667476	1.55223	1.55223	1.55223	0.485198	0.485198	0.485198	0.485198	0.485198	0.485198	0.485198	0.485198	0.485198	0.485198	0.417834	0.417834	0.367879	0.367879	0.367879	0.367879	0.367879	0.367879	0.367879	0.367879	
0.367879	0.433949	0.433949	0.433949	0.433949	0.433949	0.474622	0.474622	0.474622	0.474622	0.912917	0.912917	0.912917	0.912917	0.912917	0.912917	0.912917	0.912917	0.912917	0.912917	0.912917	0.912917	0.912917	0.912917	0.912917	0.912917	0.912917	0.912917	0.912917	0.912917	0.912917	0.912917	0.912917	0.912917	0.912917	0.912917	0.787351	0.787351	0.787351	0.787351	0.655972	0.655972	0.655972	0.572337	0.572337	0.572337	0.572337	0.572337	0.572337	0.572337	0.572337	0.572337	0.572337	0.417834	0.417834	0.367879	0.367879	0.367879	0.367879	0.367879	0.367879	0.367879	0.367879	
0.367879	0.433949	0.433949	0.433949	0.433949	0.762845	0.834346	0.834346	0.834346	0.474622	0.912917	0.912917	0.912917	0.912917	0.912917	0.912917	0.912917	0.912917	0.912917	0.912917	0.912917	0.988663	0.988663	0.988663	0.988663	0.988663	0.988663	0.988663	0.988663	0.988663	0.988663	0.988663	0.988663	0.988663	0.988663	0.988663	0.852678	0.852678	0.852678	0.852678	0.710399	0.710399	0.710399	0.619824	0.619824	0.619824	0.619824	0.619824	0.619824	0.619824	0.619824	0.619824	0.619824	0.452503	0.452503	0.367879	0.367879	0.367879	0.367879	0.367879	0.367879	0.367879	0.367879	
0.367879	0.616514	0.616514	0.616514	0.616514	1.08378	1.18536	1.18536	0.834346	0.474622	0.912917	0.912917	0.912917	0.912917	0.912917	0.912917	0.912917	0.912917	0.912917	0.912917	0.912917	0.988663	0.988663	0.988663	0.988663	0.988663	0.988663	0.988663	0.988663	0.988663	0.988663	0.988663	0.988663	0.988663	0.988663	0.988663	0.852678	0.852678	0.852678	0.852678	0.710399	0.710399	0.710399	0.619824	0.619824	0.619824	0.619824	0.619824	0.619824	0.619824	0.619824	0.619824	0.619824	0.452503	0.452503	0.367879	0.367879	0.367879	0.367879	0.367879	0.367879	0.367879	0.367879	
0.367879	1.06643	1.06643	1.06643	1.06643	1.8747	2.05041	2.05041	0.834346	0.474622	0.912917	0.912917	0.912917	0.912917	0.912917	0.912917	0.912917	0.912917	0.912917	0.912917	0.912917	0.988663	0.988663	0.988663	0.988663	0.988663	0.988663	0.988663	0.988663	0.988663	0.988663	0.988663	0.988663	0.988663	0.988663	0.988663	0.852678	0.852678	0.852678	0.852678	0.710399	0.710399	0.710399	0.619824	0.619824	0.619824	0.619824	0.619824	0.619824	0.619824	0.619824	0.619824	0.619824	0.452503	0.452503	0.367879	0.367879	0.367879	0.367879	0.367879	0.367879	0.367879	0.367879	
0.367879	1.14703	1.14703	1.14703	1.14703	2.01638	2.20538	2.20538	0.897403	0.510493	0.981913	0.981913	0.981913	0.981913	0.981913	0.981913	0.981913	0.981913	0.981913	0.981913	0.981913	1.06338	1.06338	1.06338	1.06338	1.06338	1.06338	1.06338	1.06338	1.06338	1.06338	1.06338	1.06338	1.06338	1.06338	1.06338	0.917122	0.917122	0.917122	0.917122	0.764089	0.764089	0.764089	0.666669	0.666669	0.666669	0.666669	0.666669	0.666669	0.666669	0.666669	0.666669	0.666669	0.486702	0.486702	0.367879	0.367879	0.367879	0.367879	0.367879	0.367879	0.367879	0.367879	
0.367879	1.22175	1.22175	1.22175	1.22175	2.14773	2.34904	2.34904	0.955861	0.543747	0.90067	0.90067	0.90067	0.90067	0.90067	0.90067	0.90067	0.90067	0.90067	0.90067	0.90067	0.975399	0.975399	0.975399	0.975399	0.975399	0.975399	0.975399	0.975399	0.975399	0.975399	0.975399	0.975399	0.975399	0.975399	0.975399	0.841239	0.841239	0.841239	0.841239	0.700869	0.700869	0.700869	0.611509	0.611509	0.611509	0.611509	0.611509	0.611509	0.611509	0.611509	0.611509	0.611509	0.518406	0.518406	0.367879	0.367879	0.367879	0.367879	0.367879	0.367879	0.367879	0.367879	
0.367879	0.706304	0.706304	0.706304	0.706304	1.24162	1.24162	1.24162	0.873947	0.49715	0.691883	0.691883	0.691883	0.691883	0.691883	0.691883	0.691883	0.691883	0.691883	0.691883	0.691883	0.74929	0.74929	0.74929	0.74929	0.74929	0.74929	0.74929	0.74929	0.74929	0.74929	0.74929	0.74929	0.74929	0.74929	0.74929	0.64623	0.64623	0.64623	0.64623	0.538399	0.538399	0.538399	0.611509	0.611509	0.611509	0.611509	0.611509	0.611509	0.611509	0.611509	0.611509	0.611509	0.518406	0.518406	0.367879	0.367879	0.367879	0.367879	0.367879	0.367879	0.367879	0.367879	
0.367879	0.706304	0.706304	0.706304	0.706304	1.24162	1.24162	1.24162	0.873947	0.49715	0.576435	0.576435	0.576435	0.576435	0.576435	0.576435	0.576435	0.576435	0.576435	0.576435	0.576435	0.624262	0.624262	0.624262	0.624262	0.624262	0.624262	0.624262	0.624262	0.624262	0.624262	0.624262	0.624262	0.624262	0.624262	0.624262	0.538399	0.538399	0.538399	0.538399	0.538399	0.538399	0.538399	0.611509	0.611509	0.611509	0.611509	0.611509	0.611509	0.611509	0.611509	0.611509	0.611509	0.518406	0.518406	0.367879	0.367879	0.367879	0.367879	0.367879	0.367879	0.367879	0.367879	
0.367879	0.598768	0.598768	0.598768	0.598768	1.05258	1.05258	1.05258	0.740888	0.421458	0.536893	0.536893	0.536893	0.536893	0.536893	0.536893	0.536893	0.536893	0.536893	0.536893	0.536893	0.58144	0.58144	0.58144	0.58144	0.58144	0.58144	0.58144	0.58144	0.58144	0.58144	0.58144	0.58144	0.58144	0.58144	0.58144	0.501466	0.501466	0.501466	0.501466	0.501466	0.501466	0.501466	0.518406	0.518406	0.518406	0.518406	0.518406	0.518406	0.518406	0.518406	0.518406	0.518406	0.518406	0.518406	0.367879	0.367879	0.367879	0.367879	0.367879	0.367879	0.367879	0.367879	
0.367879	0.421458	0.421458	0.421458	0.421458	0.421458	0.421458	0.421458	0.421458	0.421458	0.657908	0.657908	0.657908	0.657908	0.657908	0.657908	0.657908	0.657908	0.657908	0.657908	0.657908	0.712495	0.712495	0.712495	0.712495	0.712495	0.712495	0.712495	0.712495	0.712495	0.712495	0.712495	0.712495	0.712495	0.712495	0.712495	0.614496	0.614496	0.553597	0.553597	0.501466	0.501466	0.501466	0.518406	0.518406	0.518406	0.518406	0.518406	0.518406	0.518406	0.518406	0.518406	0.518406	0.518406	0.518406	0.367879	0.367879	0.367879	0.367879	0.367879	0.367879	0.367879	0.367879	
0.367879	0.421458	32.2628	0.948761	1.43887	1.69838	1.0202	1.13632	1.13632	1.0366	1.61815	1.28909	1.28909	1.28909	1.06698	1.06698	0.903947	0.903947	0.903947	0.903947	0.903947	0.978948	0.978948	0.978948	0.978948	0.978948	0.978948	0.978948	0.878912	0.878912	0.878912	0.878912	0.878912	0.794565	0.794565	0.712495	0.614496	0.614496	0.553597	0.553597	0.501466	0.501466	0.501466	0.518406	0.518406	0.518406	0.518406	0.518406	0.518406	0.518406	0.518406	0.518406	0.518406	0.518406	0.518406	0.367879	0.367879	0.367879	0.367879	0.367879	0.367879	0.367879	0.367879	
0.367879	0.421458	32.2628	0.948761	1.43887	1.69838	1.0202	1.13632	1.13632	1.0366	1.61815	1.28909	1.28909	1.28909	1.06698	1.06698	0.903947	0.903947	0.903947	0.903947	0.903947	0.978948	0.978948	0.978948	0.978948	0.978948	0.978948	0.978948	0.878912	0.878912	0.878912	0.878912	0.878912	0.794565	0.794565	0.712495	0.614496	0.614496	0.553597	0.553597	0.501466	0.501466	0.501466	0.518406	0.518406	0.518406	0.518406	0.518406	0.518406	0.518406	0.518406	0.518406	0.518406	0.518406	0.518406	0.367879	0.367879	0.367879	0.367879	0.367879	0.367879	0.367879	0.367879	
0.367879	0.421458	32.2628	0.948761	1.43887	1.69838	1.0202	1.13632	1.13632	1.0366	1.61815	1.28909	1.28909	1.28909	1.06698	1.06698	0.903947	0.903947	0.903947	0.903947	0.903947	0.978948	0.978948	0.978948	0.978948	0.978948	0.978948	0.978948	0.878912	0.878912	0.878912	0.878912	0.878912	0.794565	0.794565	0.712495	0.614496	0.614496	0.553597	0.553597	0.501466	0.501466	0.501466	0.518406	0.518406	0.518406	0.63421	0.63421	0.63421	0.63421	0.63421	0.63421	0.63421	0.63421	0.63421	0.367879	0.367879	0.367879	0.367879	0.367879	0.367879	0.367879	0.367879	
0.367879	0.421458	32.2628	0.948761	1.43887	1.69838	1.0202	1.13632	1.13632	1.0366	1.61815	1.28909	1.28909	1.28909	1.06698	1.06698	0.903947	0.903947	0.903947	0.903947	0.903947	0.978948	0.978948	0.978948	0.978948	0.978948	0.978948	0.978948	0.878912	0.878912	0.878912	0.878912	0.878912	0.794565	0.794565	0.712495	0.614496	0.614496	0.553597	0.553597	0.501466	0.501466	0.501466	0.518406	0.518406	0.518406	0.63421	0.63421	0.63421	0.63421	0.63421	0.63421	0.63421	0.63421	0.63421	0.367879	0.367879	0.367879	0.367879	0.367879	0.367879	0.367879	0.367879	
0.367879	0.421458	32.2628	0.948761	1.43887	1.69838	1.0202	1.13632	1.13632	1.0366	1.61815	1.28909	1.28909	1.28909	1.06698	1.06698	0.903947	0.903947	0.903947	0.903947	0.903947	0.978948	0.978948	0.978948	0.978948	0.978948	0.978948	0.978948	0.878912	0.878912	0.878912	0.878912	0.878912	0.794565	0.794565	0.712495	0.614496	0.614496	0.553597	0.553597	0.501466	0.501466	0.501466	0.518406	0.518406	0.518406	0.63421	0.63421	0.63421	0.63421	0.63421	0.63421	0.63421	0.63421	0.63421	0.367879	0.367879	0.367879	0.367879	0.367879	0.367879	0.367879	0.367879	
0.367879	0.421458	32.2628	0.948761	1.43887	1.69838	1.0202	1.13632	1.13632	1.0366	1.61815	1.28909	1.28909	1.28909	1.06698	1.06698	0.903947	0.903947	0.903947	0.903947	0.903947	0.978948	0.978948	0.978948	0.978948	0.978948	0.978948	0.978948	0.878912	0.878912	0.878912	0.878912	0.878912	0.794565	0.794565	0.712495	0.614496	0.614496	0.553597	0.553597	0.501466	0.501466	0.501466	0.518406	0.518406	0.518406	0.63421	0.63421	0.63421	0.63421	0.63421	0.63421	0.63421	0.63421	0.63421	0.367879	0.367879	0.367879	0.367879	0.367879	0.367879	0.367879	0.367879	
0.367879	0.421458	32.2628	0.948761	1.43887	1.69838	1.0202	1.13632	1.13632	1.0366	1.61815	1.28909	1.28909	1.28909	1.06698	1.06698	0.903947	0.903947	0.903947	0.903947	0.903947	0.978948	0.978948	0.978948	0.978948	0.978948	0.978948	0.978948	0.878912	0.878912	0.878912	0.878912	0.878912	0.794565	0.794565	0.712495	0.614496	0.614496	0.553597	0.553597	0.501466	0.501466	0.501466	0.518406	0.518406	0.518406	0.63421	0.63421	0.63421	0.63421	0.63421	0.63421	0.63421	0.63421	0.63421	0.367879	0.367879	0.367879	0.367879	0.367879	0.367879	0.367879	0.367879	
0.367879	0.421458	32.2628	0.948761	1.43887	1.69838	1.0202	1.13632	1.13632	1.0366	1.61815	1.28909	1.28909	1.28909	1.06698	1.06698	0.903947	0.903947	0.903947	0.903947	0.903947	0.978948	0.978948	0.978948	0.978948	0.978948	0.978948	0.978948	0.878912	0.878912	0.878912	0.878912	0.878912	0.794565	0.794565	0.712495	0.614496	0.614496	0.553597	0.553597	0.501466	0.501466	0.501466	0.518406	0.518406	0.518406	0.63421	0.63421	0.63421	0.63421	0.63421	0.63421	0.63421	0.63421	0.63421	0.367879	0.367879	0.367879	0.367879	0.367879	0.367879	0.367879	0.367879	
0.367879	0.421458	32.2628	0.948761	1.43887	1.69838	1.0202	1.13632	1.13632	1.0366	1.49125	1.18799	1.18799	1.18799	0.983298	0.983298	0.833053	0.833053	0.833053	0.833053	0.833053	0.902172	0.902172	0.902172	0.902172	0.902172	0.902172	0.902172	0.809981	0.809981	0.809981	0.809981	0.809981	0.73225	0.73225	0.656616	0.614496	0.614496	0.553597	0.553597	0.501466	0.501466	0.501466	0.518406	0.518406	0.518406	0.63421	0.63421	0.63421	0.63421	0.63421	0.63421	0.63421	0.63421	0.63421	0.367879	0.367879	0.367879	0.367879	0.367879	0.367879	0.367879	0.367879	
0.367879	0.421458	32.2628	0.948761	1.43887	1.69838	1.0202	1.13632	1.13632	1.0366	1.49125	1.18799	1.18799	1.18799	0.983298	0.983298	0.833053	0.833053	0.833053	0.833053	0.833053	0.902172	0.902172	0.902172	0.902172	0.902172	0.902172	0.902172	0.809981	0.809981	0.809981	0.809981	0.809981	0.73225	0.73225	0.656616	0.614496	0.614496	0.553597	0.553597	0.501466	0.501466	0.501466	0.518406	0.518406	0.518406	0.63421	0.63421	0.63421	0.63421	0.63421	0.63421	0.63421	0.63421	0.63421	0.367879	0.367879	0.367879	0.367879	0.367879	0.367879	0.367879	0.367879	
0.367879	0.421458	32.2628	0.948761	1.43887	1.69838	1.0202	1.13632	1.13632	1.0366	1.49125	1.18799	1.18799	1.18799	0.983298	0.983298	0.833053	0.833053	0.833053	0.833053	0.833053	0.902172	0.902172	0.902172	0.902172	0.902172	0.902172	0.902172	0.809981	0.809981	0.809981	0.809981	0.809981	0.73225	0.73225	0.656616	0.614496	0.614496	0.553597	0.553597	0.501466	0.501466	0.501466	0.518406	0.518406	0.518406	0.63421	0.63421	0.63421	0.63421	0.63421	0.63421	0.63421	0.63421	0.63421	0.367879	0.367879	0.367879	0.367879	0.367879	0.367879	0.367879	0.367879	
0.367879	0.421458	32.2628	0.948761	1.43887	1.69838	1.0202	1.13632	1.13632	1.0366	1.49125	1.18799	1.18799	1.18799	0.983298	0.983298	0.833053	0.833053	0.833053	0.833053	0.833053	0.902172	0.902172	0.902172	0.902172	0.902172	0.902172	0.902172	0.809981	0.809981	0.809981	0.809981	0.809981	0.73225	0.73225	0.656616	0.614496	0.614496	0.553597	0.553597	0.501466	0.501466	0.501466	0.518406	0.518406	0.518406	0.63421	0.63421	0.63421	0.63421	0.63421	0.63421	0.63421	0.63421	0.63421	0.367879	0.367879	0.367879	0.367879	0.367879	0.367879	0.367879	0.367879	
0.367879	0.421458	32.2628	0.948761	1.43887	1.69838	1.0202	1.13632	1.13632	1.0366	1.49125	1.18799	1.18799	1.18799	0.983298	0.983298	0.833053	0.833053	0.833053	0.833053	0.833053	0.902172	0.902172	0.902172	0.902172	0.902172	0.902172	0.902172	0.809981	0.809981	0.809981	0.809981	0.809981	0.73225	0.73225	0.656616	0.614496	0.614496	0.553597	0.553597	0.501466	0.501466	0.501466	0.518406	0.518406	0.518406	0.63421	0.63421	0.63421	0.63421	0.63421	0.63421	0.63421	0.63421	0.63421	0.367879	0.367879	0.367879	0.367879	0.367879	0.367879	0.367879	0.367879	
0.367879	0.421458	32.2628	0.948761	1.43887	1.69838	1.0202	1.13632	1.13632	1.0366	1.49125	1.18799	1.18799	1.18799	0.983298	0.983298	0.833053	0.833053	0.833053	0.833053	0.833053	0.833053	0.833053	0.833053	0.833053	0.833053	0.833053	0.833053	0.747925	0.747925	0.747925	0.747925	0.747925	0.676149	0.676149	0.60631	0.567416	0.567416	0.511184	0.511184	0.463047	0.463047	0.463047	0.478689	0.478689	0.478689	0.585621	0.585621	0.585621	0.585621	0.585621	0.585621	0.585621	0.585621	0.585621	0.367879	0.367879	0.367879	0.367879	0.367879	0.367879	0.367879	0.367879	
0.367879	0.391844	29.9958	0.882094	1.33776	1.57904	0.948515	1.05647	1.05647	0.963757	1.38646	1.10451	1.10451	1.10451	0.914205	0.914205	0.774517	0.774517	0.774517	0.774517	0.774517	0.774517	0.774517	0.774517	0.774517	0.774517	0.774517	0.774517	0.695371	0.695371	0.695371	0.695371	0.695371	0.628638	0.628638	0.563707	0.527546	0.527546	0.475264	0.475264	0.43051	0.43051	0.43051	0.445053	0.445053	0.445053	0.544471	0.544471	0.544471	0.544471	0.544471	0.544471	0.544471	0.544471	0.544471	0.367879	0.367879	0.367879	0.367879	0.367879	0.367879	0.367879	0.367879	
0.367879	0.391844	0.391844	0.391844	0.391844	0.391844	0.391844	0.436443	0.436443	0.482773	0.515865	0.515865	0.515865	0.515865	0.515865	0.515865	0.515865	0.515865	0.515865	0.515865	0.515865	0.515865	0.515865	0.515865	0.515865	0.515865	0.515865	0.515865	0.46315	0.46315	0.46315	0.46315	0.46315	0.418703	0.418703	0.418703	0.391844	0.391844	0.391844	0.391844	0.391844	0.391844	0.391844	0.445053	0.445053	0.445053	0.544471	0.544471	0.544471	0.544471	0.544471	0.544471	0.544471	0.544471	0.544471	0.367879	0.367879	0.367879	0.367879	0.367879	0.367879	0.367879	0.367879	
0.367879	0.391844	0.391844	0.391844	0.391844	0.391844	0.391844	0.436443	0.436443	0.482773	0.515865	0.515865	0.515865	0.515865	0.515865	0.515865	0.515865	0.515865	0.515865	0.515865	0.515865	0.515865	0.515865	0.515865	0.515865	0.515865	0.515865	0.515865	0.46315	0.46315	0.46315	0.46315	0.46315	0.418703	0.418703	0.418703	0.391844	0.391844	0.391844	0.391844	0.391844	0.391844	0.391844	0.445053	0.445053	0.445053	0.544471	0.544471	0.544471	0.544471	0.544471	0.544471	0.544471	0.544471	0.544471	0.367879	0.367879	0.367879	0.367879	0.367879	0.367879	0.367879	0.367879	
0.367879	0.391844	0.391844	0.391844	0.391844	0.391844	0.391844	0.436443	0.436443	0.482773	0.482773	0.482773	0.482773	0.482773	0.482773	0.482773	0.482773	0.482773	0.482773	0.482773	0.482773	0.482773	0.482773	0.482773	0.482773	0.482773	0.482773	0.482773	0.433439	0.433439	0.433439	0.433439	0.433439	0.391844	0.391844	0.391844	0.391844	0.391844	0.391844	0.391844	0.391844	0.391844	0.391844	0.445053	0.445053	0.445053	0.445053	0.445053	0.445053	0.445053	0.445053	0.445053	0.445053	0.445053	0.445053	0.367879	0.367879	0.367879	0.367879	0.367879	0.367879	0.367879	0.367879	
0.367879	0.391844	0.391844	0.391844	0.391844	0.391844	0.391844	0.436443	0.436443	0.482773	0.482773	0.482773	0.482773	0.482773	0.482773	0.482773	0.482773	0.482773	0.482773	0.482773	0.482773	0.482773	0.482773	0.482773	0.482773	0.482773	0.482773	0.482773	0.433439	0.433439	0.433439	0.433439	0.433439	0.391844	0.391844	0.391844	0.391844	0.391844	0.391844	0.391844	0.391844	0.391844	0.391844	0.445053	0.445053	0.445053	0.445053	0.445053	0.445053	0.445053	0.445053	0.445053	0.445053	0.445053	0.445053	0.367879	0.367879	0.367879	0.367879	0.367879	0.367879	0.367879	0.367879	
0.367879	0.367879	0.367879	0.367879	0.367879	0.367879	0.367879	0.367879	0.367879	0.367879	0.367879	0.367879	0.367879	0.367879	0.367879	0.367879	0.367879	0.367879	0.367879	0.367879	0.367879	0.367879	0.367879	0.367879	0.367879	0.367879	0.367879	0.367879	0.367879	0.367879	0.367879	0.367879	0.367879	0.367879	0.367879	0.367879	0.367879	0.367879	0.367879	0.367879	0.367879	0.367879	0.367879	0.367879	0.367879	0.367879	0.367879	0.367879	0.367879	0.367879	0.367879	0.367879	0.367879	0.367879	0.367879	0.367879	0.367879	0.367879	0.367879	0.367879	0.367879	0.367879	0.367879	
