0.367879	0.367879	0.367879	0.367879	0.367879	0.367879	0.367879	0.367879	0.367879	0.367879	0.367879	0.367879	0.367879	0.367879	0.367879	0.367879	0.367879	0.367879	0.367879	0.367879	0.367879	0.367879	0.367879	0.367879	0.367879	0.367879	0.367879	0.367879	0.367879	0.367879	0.367879	0.367879	0.367879	0.367879	0.367879	0.367879	0.367879	0.367879	0.367879	0.367879	0.367879	0.367879	0.367879	0.367879	0.367879	0.367879	0.367879	0.367879	0.367879	0.367879	0.367879	0.367879	0.367879	0.367879	0.367879	0.367879	0.367879	0.367879	0.367879	0.367879	0.367879	0.367879	0.367879	
0.367879	0.367879	0.367879	0.367879	0.367879	0.367879	0.367879	0.367879	0.367879	0.367879	0.367879	0.367879	0.367879	0.367879	0.367879	0.367879	0.367879	0.367879	0.367879	0.367879	0.367879	0.367879	0.367879	0.367879	0.367879	0.367879	0.367879	0.367879	0.367879	0.367879	0.367879	0.367879	0.367879	0.367879	0.367879	0.367879	0.367879	0.367879	0.367879	0.367879	0.367879	0.367879	0.367879	0.367879	0.367879	0.367879	0.367879	0.367879	0.367879	0.367879	0.367879	0.367879	0.367879	0.367879	0.367879	0.367879	0.367879	0.367879	0.367879	0.367879	0.367879	0.367879	0.367879	
0.367879	0.367879	0.367879	0.367879	0.367879	0.367879	0.367879	0.367879	0.367879	0.367879	0.367879	0.367879	0.367879	0.396103	0.396103	0.396103	0.396103	0.396103	0.396103	0.396103	0.396103	0.396103	0.396103	0.396103	0.396103	0.396103	0.396103	0.396103	0.396103	0.396103	0.396103	0.396103	0.396103	0.396103	0.396103	0.396103	0.396103	0.396103	0.396103	0.396103	0.396103	0.396103	0.396103	0.396103	0.396103	0.396103	0.396103	0.396103	0.396103	0.396103	0.396103	0.396103	0.396103	0.367879	0.367879	0.367879	0.367879	0.367879	0.367879	0.367879	0.367879	0.367879	0.367879	
0.367879	0.367879	0.367879	0.367879	0.367879	0.367879	0.367879	0.367879	0.367879	0.367879	0.367879	0.367879	0.367879	0.396103	0.396103	0.396103	0.396103	0.396103	0.396103	0.396103	0.396103	0.396103	0.396103	0.396103	0.396103	0.396103	0.396103	0.396103	0.396103	0.396103	0.396103	0.396103	0.396103	0.396103	0.396103	0.396103	0.396103	0.396103	0.396103	0.396103	0.396103	0.396103	0.396103	0.396103	0.396103	0.396103	0.396103	0.396103	0.396103	0.396103	0.396103	0.396103	0.396103	0.367879	0.367879	0.367879	0.367879	0.367879	0.367879	0.367879	0.367879	0.367879	0.367879	
0.367879	0.367879	0.367879	0.367879	0.367879	0.367879	0.367879	0.367879	0.367879	0.367879	0.367879	0.367879	0.367879	0.396103	0.396103	0.396103	0.396103	0.396103	0.396103	0.396103	0.396103	0.396103	0.396103	0.396103	0.396103	0.396103	0.396103	0.396103	0.396103	0.396103	0.396103	0.396103	0.396103	0.396103	0.396103	0.396103	0.396103	0.396103	0.396103	0.396103	0.396103	0.396103	0.396103	0.396103	0.396103	0.396103	0.396103	0.396103	0.396103	0.396103	0.396103	0.396103	0.396103	0.367879	0.367879	0.367879	0.367879	0.367879	0.367879	0.367879	0.367879	0.367879	0.367879	
0.367879	0.367879	0.367879	0.367879	0.367879	0.367879	0.367879	0.367879	0.367879	0.367879	0.367879	0.367879	0.367879	0.428737	0.428737	0.428737	0.428737	0.428737	0.428737	0.428737	0.428737	0.428737	0.428737	0.428737	0.428737	0.428737	0.428737	0.428737	0.428737	0.428737	0.428737	0.428737	0.428737	0.428737	0.428737	0.428737	0.428737	0.428737	0.428737	0.428737	0.428737	0.428737	0.428737	0.428737	0.428737	0.428737	0.428737	0.428737	0.428737	0.428737	0.428737	0.428737	0.428737	0.367879	0.367879	0.367879	0.367879	0.367879	0.367879	0.367879	0.367879	0.367879	0.367879	
0.367879	0.367879	0.367879	0.367879	0.367879	0.367879	0.367879	0.367879	0.367879	0.367879	0.367879	0.367879	0.367879	0.428737	0.428737	0.428737	0.428737	0.428737	0.428737	0.428737	0.428737	0.428737	0.428737	0.428737	0.428737	0.428737	0.428737	0.428737	0.428737	0.428737	0.428737	0.428737	0.428737	0.428737	0.428737	0.428737	0.428737	0.428737	0.428737	0.428737	0.428737	0.428737	0.428737	0.428737	0.428737	0.428737	0.428737	0.428737	0.428737	0.428737	0.428737	0.428737	0.428737	0.367879	0.367879	0.367879	0.367879	0.367879	0.367879	0.367879	0.367879	0.367879	0.367879	
0.367879	0.367879	0.367879	0.367879	0.367879	0.367879	0.367879	0.367879	0.367879	0.367879	0.367879	0.367879	0.367879	0.428737	0.428737	0.428737	0.428737	0.428737	0.428737	0.428737	0.428737	0.428737	0.428737	0.428737	0.428737	0.428737	0.428737	0.428737	0.428737	0.428737	0.428737	0.428737	0.428737	0.428737	0.428737	0.428737	0.428737	0.428737	0.428737	0.428737	0.428737	0.428737	0.428737	0.428737	0.428737	0.428737	0.428737	0.428737	0.428737	0.428737	0.428737	0.428737	0.428737	0.367879	0.367879	0.367879	0.367879	0.367879	0.367879	0.367879	0.367879	0.367879	0.367879	
0.367879	0.367879	0.367879	0.367879	0.367879	0.367879	0.367879	0.367879	0.367879	0.367879	0.367879	0.367879	0.367879	0.428737	0.428737	0.428737	0.428737	0.428737	0.428737	0.428737	0.428737	0.428737	0.428737	0.428737	0.428737	0.428737	0.428737	0.428737	0.428737	0.428737	0.428737	0.428737	0.428737	0.428737	0.428737	0.428737	0.428737	0.428737	0.428737	0.428737	0.428737	0.428737	0.428737	0.428737	0.428737	0.428737	0.428737	0.428737	0.428737	0.428737	0.428737	0.428737	0.428737	0.367879	0.367879	0.367879	0.367879	0.367879	0.367879	0.367879	0.367879	0.367879	0.367879	
0.367879	0.367879	0.367879	0.367879	0.367879	0.367879	0.367879	0.367879	0.367879	0.367879	0.367879	0.367879	0.367879	0.428737	0.428737	0.428737	0.428737	0.428737	0.428737	0.428737	0.428737	0.428737	0.428737	0.428737	0.428737	0.428737	0.428737	0.428737	0.428737	0.428737	0.428737	0.428737	0.428737	0.428737	0.428737	0.428737	0.428737	0.428737	0.428737	0.428737	0.428737	0.428737	0.428737	0.428737	0.428737	0.428737	0.428737	0.428737	0.428737	0.428737	0.428737	0.428737	0.428737	0.367879	0.367879	0.367879	0.367879	0.367879	0.367879	0.367879	0.367879	0.367879	0.367879	
0.367879	0.367879	0.367879	0.367879	0.367879	0.367879	0.367879	0.367879	0.367879	0.367879	0.367879	0.367879	0.367879	0.428737	0.428737	0.428737	0.428737	0.428737	0.428737	0.428737	0.428737	0.428737	0.428737	0.428737	0.428737	0.428737	0.428737	0.428737	0.428737	0.428737	0.428737	0.428737	0.428737	0.428737	0.428737	0.428737	0.428737	0.428737	0.428737	0.428737	0.428737	0.428737	0.428737	0.428737	0.428737	0.428737	0.428737	0.428737	0.428737	0.428737	0.428737	0.428737	0.428737	0.367879	0.367879	0.367879	0.367879	0.367879	0.367879	0.367879	0.367879	0.367879	0.367879	
0.367879	0.367879	0.367879	0.367879	0.367879	0.367879	0.367879	0.367879	0.367879	0.367879	0.367879	0.466655	0.466655	0.543854	0.543854	0.543854	0.428737	0.428737	0.428737	0.428737	0.428737	0.428737	0.428737	0.428737	0.428737	0.428737	0.428737	0.428737	0.428737	0.428737	0.428737	0.428737	0.428737	0.428737	0.428737	0.428737	0.428737	0.428737	0.428737	0.428737	0.428737	0.428737	0.428737	0.428737	0.428737	0.428737	0.428737	0.428737	0.428737	0.428737	0.428737	0.428737	0.428737	0.367879	0.367879	0.367879	0.367879	0.367879	0.367879	0.367879	0.367879	0.367879	0.367879	
0.367879	0.367879	0.367879	0.367879	0.440214	0.440214	0.440214	0.440214	0.440214	0.440214	0.440214	0.558412	0.558412	0.650789	0.650789	0.650789	0.428737	0.428737	0.428737	0.428737	0.428737	0.428737	0.428737	0.428737	0.428737	0.428737	0.428737	0.428737	0.428737	0.428737	0.428737	0.428737	0.428737	0.428737	0.428737	0.428737	0.428737	0.428737	0.428737	0.428737	0.428737	0.428737	0.428737	0.428737	0.428737	0.428737	0.428737	0.428737	0.428737	0.428737	0.428737	0.428737	0.428737	0.367879	0.367879	0.367879	0.367879	0.367879	0.367879	0.367879	0.367879	0.367879	0.367879	
0.367879	0.367879	0.367879	0.367879	0.440214	0.440214	0.440214	0.440214	0.440214	0.440214	0.440214	0.558412	0.558412	0.650789	0.650789	0.650789	0.428737	0.428737	0.428737	0.428737	0.428737	0.428737	0.428737	0.428737	0.428737	0.428737	0.428737	0.428737	0.428737	0.428737	0.428737	0.428737	0.428737	0.428737	0.428737	0.428737	0.428737	0.428737	0.428737	0.428737	0.428737	0.428737	0.428737	0.428737	0.428737	0.428737	0.428737	0.428737	0.428737	0.428737	0.428737	0.428737	0.428737	0.367879	0.367879	0.367879	0.367879	0.367879	0.367879	0.367879	0.367879	0.367879	0.367879	
0.367879	0.367879	0.367879	0.367879	0.440214	0.440214	0.440214	0.440214	0.440214	0.440214	0.440214	0.558412	0.558412	0.650789	0.650789	0.650789	0.428737	0.428737	0.428737	0.428737	0.428737	0.428737	0.428737	0.428737	0.428737	0.428737	0.428737	0.428737	0.428737	0.428737	0.428737	0.428737	0.428737	0.428737	0.428737	0.428737	0.428737	0.428737	0.428737	0.428737	0.428737	0.428737	0.428737	0.428737	0.428737	0.428737	0.428737	0.428737	0.428737	0.428737	0.428737	0.428737	0.428737	0.367879	0.367879	0.367879	0.367879	0.367879	0.367879	0.367879	0.367879	0.367879	0.367879	
0.367879	0.367879	0.367879	0.367879	0.440214	0.440214	0.440214	0.440214	0.440214	0.440214	0.440214	0.558412	0.558412	0.650789	0.650789	0.650789	0.428737	0.428737	0.428737	0.428737	0.428737	0.428737	0.428737	0.428737	0.428737	0.428737	0.428737	0.428737	0.428737	0.428737	0.428737	0.428737	0.428737	0.428737	0.428737	0.428737	0.428737	0.428737	0.428737	0.428737	0.428737	0.428737	1.65795	1.65795	0.428737	0.428737	0.428737	0.428737	0.428737	0.428737	0.428737	0.428737	0.428737	0.367879	0.367879	0.367879	0.367879	0.367879	0.367879	0.367879	0.367879	0.367879	0.367879	
0.367879	0.367879	0.367879	0.367879	0.440214	0.440214	0.440214	0.440214	0.440214	0.440214	0.440214	0.558412	0.558412	0.650789	0.650789	0.650789	0.428737	0.428737	0.428737	0.428737	0.428737	0.428737	0.428737	0.428737	0.428737	0.428737	0.428737	0.428737	0.428737	0.428737	0.428737	0.428737	0.428737	0.428737	0.428737	0.428737	0.428737	0.428737	0.428737	0.428737	1.19672	1.19672	4.6278	1.65795	0.428737	0.428737	0.428737	0.428737	0.428737	0.428737	0.428737	0.428737	0.428737	0.367879	0.367879	0.367879	0.367879	0.367879	0.367879	0.367879	0.367879	0.367879	0.367879	
0.367879	0.367879	0.367879	0.367879	0.440214	0.440214	0.440214	0.440214	0.440214	0.440214	0.440214	0.558412	0.558412	0.777093	0.777093	0.777093	0.511946	0.511946	0.511946	0.511946	0.511946	0.511946	0.511946	0.511946	0.511946	0.511946	0.511946	0.511946	0.511946	0.511946	0.511946	0.511946	0.511946	0.511946	0.511946	0.511946	0.511946	0.511946	0.511946	0.511946	1.42898	1.42898	5.52595	1.65795	0.428737	0.428737	0.428737	0.428737	0.428737	0.428737	0.428737	0.428737	0.428737	0.367879	0.367879	0.367879	0.367879	0.367879	0.367879	0.367879	0.367879	0.367879	0.367879	
0.367879	0.367879	0.367879	0.367879	0.440214	0.440214	0.440214	0.440214	0.440214	0.440214	0.440214	0.558412	0.558412	0.936488	0.936488	0.936488	0.616955	0.616955	0.616955	0.616955	0.616955	0.616955	0.616955	0.616955	0.616955	0.616955	0.616955	0.616955	0.616955	0.616955	0.616955	0.616955	0.616955	0.616955	0.616955	0.616955	0.616955	0.616955	0.616955	0.616955	1.42898	1.42898	1.42898	0.428737	0.428737	0.428737	0.428737	0.428737	0.428737	0.428737	0.428737	0.428737	0.428737	0.367879	0.367879	0.367879	0.367879	0.367879	0.367879	0.367879	0.367879	0.367879	0.367879	
0.367879	0.367879	0.367879	0.367879	0.519919	0.519919	0.519919	0.519919	0.519919	0.519919	0.519919	0.659517	0.659517	1.10605	1.10605	1.10605	0.72866	0.72866	0.72866	0.72866	0.72866	0.72866	0.72866	0.72866	0.72866	0.72866	0.72866	0.72866	0.72866	0.72866	0.72866	0.72866	0.72866	0.72866	0.72866	0.72866	0.72866	0.72866	0.72866	0.72866	0.604639	0.604639	0.604639	0.506365	0.506365	0.506365	0.506365	0.506365	0.506365	0.506365	0.506365	0.506365	0.506365	0.367879	0.367879	0.367879	0.367879	0.367879	0.367879	0.367879	0.367879	0.367879	0.367879	
0.367879	0.367879	0.367879	0.367879	0.519919	0.519919	0.519919	0.519919	0.519919	0.556114	0.556114	0.70543	0.70543	1.18305	1.18305	1.18305	0.779387	0.779387	0.779387	0.779387	0.779387	0.779387	0.779387	0.779387	0.779387	0.779387	0.779387	0.779387	0.779387	0.779387	0.779387	0.779387	0.779387	0.779387	0.779387	0.779387	0.779387	0.779387	0.779387	0.779387	0.646731	0.646731	0.646731	0.541616	0.541616	0.541616	0.541616	0.541616	0.541616	0.506365	0.506365	0.506365	0.506365	0.367879	0.367879	0.367879	0.367879	0.367879	0.367879	0.367879	0.367879	0.367879	0.367879	
0.367879	0.367879	0.367879	0.367879	0.893582	0.893582	0.893582	0.893582	0.519919	0.556114	0.556114	0.70543	0.70543	1.18305	1.18305	1.18305	0.779387	0.779387	0.779387	0.779387	0.779387	0.779387	0.779387	0.779387	0.779387	0.779387	0.779387	0.779387	0.779387	0.779387	0.779387	0.779387	0.779387	0.779387	0.779387	0.779387	0.779387	0.779387	0.779387	0.779387	0.646731	0.646731	0.646731	0.541616	0.541616	0.541616	0.541616	0.541616	0.541616	0.506365	0.506365	0.506365	0.506365	0.367879	0.367879	0.367879	0.367879	0.367879	0.367879	0.367879	0.367879	0.367879	0.367879	
0.367879	0.367879	0.367879	0.367879	1.86991	1.86991	1.86991	1.86991	0.519919	0.556114	0.556114	0.70543	0.70543	1.18305	1.18305	1.18305	0.779387	0.779387	0.779387	0.779387	0.779387	0.779387	0.779387	0.779387	0.779387	0.779387	0.779387	0.779387	0.779387	0.779387	0.779387	0.779387	0.779387	0.779387	0.779387	0.779387	0.779387	0.779387	0.779387	0.779387	0.646731	0.646731	0.646731	0.541616	0.541616	0.541616	0.541616	0.541616	0.541616	0.506365	0.506365	0.506365	0.506365	0.367879	0.367879	0.367879	0.367879	0.367879	0.367879	0.367879	0.367879	0.367879	0.367879	
0.367879	0.367879	0.367879	0.367879	1.86991	1.86991	1.86991	1.86991	0.519919	0.556114	0.556114	0.70543	0.70543	1.18305	1.18305	1.18305	0.779387	0.779387	0.779387	0.779387	0.779387	0.779387	0.779387	0.779387	0.779387	0.779387	0.779387	0.779387	0.779387	0.779387	0.779387	0.779387	0.779387	0.779387	0.779387	0.779387	0.779387	0.779387	0.779387	0.779387	0.646731	0.646731	0.646731	0.541616	0.541616	0.541616	0.541616	0.541616	0.541616	0.506365	0.506365	0.506365	0.506365	0.367879	0.367879	0.367879	0.367879	0.367879	0.367879	0.367879	0.367879	0.367879	0.367879	
0.367879	0.367879	0.367879	0.367879	1.56265	1.56265	1.56265	1.56265	0.434488	0.464735	0.464735	0.589516	0.589516	0.848316	0.848316	0.848316	0.668755	0.668755	0.668755	0.668755	0.668755	0.668755	0.668755	0.668755	0.668755	0.668755	0.668755	0.668755	0.668755	0.668755	0.668755	0.668755	0.668755	0.668755	0.668755	0.668755	0.668755	0.668755	0.668755	0.668755	0.55493	0.55493	0.55493	0.464735	0.464735	0.464735	0.464735	0.464735	0.464735	0.434488	0.434488	0.434488	0.434488	0.367879	0.367879	0.367879	0.367879	0.367879	0.367879	0.367879	0.367879	0.367879	0.367879	
0.367879	0.367879	0.367879	0.367879	0.746752	0.746752	0.746752	0.746752	0.434488	0.464735	0.464735	0.589516	0.589516	0.710436	0.710436	0.710436	0.56006	0.56006	0.56006	0.56006	0.56006	0.56006	0.56006	0.56006	0.56006	0.56006	0.56006	0.56006	0.56006	0.56006	0.56006	0.56006	0.56006	0.56006	0.56006	0.56006	0.56006	0.56006	0.56006	0.56006	0.464735	0.464735	0.464735	0.464735	0.464735	0.464735	0.464735	0.464735	0.464735	0.434488	0.434488	0.434488	0.434488	0.367879	0.367879	0.367879	0.367879	0.367879	0.367879	0.367879	0.367879	0.367879	0.367879	
0.367879	0.367879	0.367879	0.367879	0.746752	0.746752	0.746752	0.746752	0.434488	0.464735	0.464735	0.589516	0.589516	0.589516	0.589516	0.589516	0.464735	0.464735	0.464735	0.464735	0.464735	0.464735	0.464735	0.464735	0.464735	0.464735	0.464735	0.464735	0.464735	0.464735	0.464735	0.464735	0.464735	0.464735	0.464735	0.464735	0.464735	0.464735	0.464735	0.464735	0.464735	0.464735	0.464735	0.464735	0.464735	0.464735	0.464735	0.464735	0.464735	0.434488	0.434488	0.434488	0.434488	0.367879	0.367879	0.367879	0.367879	0.367879	0.367879	0.367879	0.367879	0.367879	0.367879	
0.367879	0.367879	0.367879	0.367879	0.632273	0.632273	0.632273	0.632273	0.367879	0.39349	0.39349	0.499142	0.499142	0.55019	0.55019	0.55019	0.433732	0.433732	0.433732	0.433732	0.433732	0.433732	0.433732	0.433732	0.433732	0.433732	0.433732	0.433732	0.433732	0.433732	0.433732	0.433732	0.433732	0.433732	0.433732	0.433732	0.433732	0.433732	0.433732	0.433732	0.433732	0.433732	0.433732	0.39349	0.39349	0.39349	0.39349	0.39349	0.39349	0.367879	0.367879	0.367879	0.367879	0.367879	0.367879	0.367879	0.367879	0.367879	0.367879	0.367879	0.367879	0.367879	0.367879	
0.367879	0.367879	0.367879	0.367879	0.404535	0.404535	0.404535	0.404535	0.404535	0.432697	0.432697	0.548877	0.548877	0.747808	0.747808	0.747808	0.589521	0.589521	0.589521	0.589521	0.589521	0.589521	0.589521	0.589521	0.589521	0.589521	0.589521	0.589521	0.589521	0.589521	0.589521	0.589521	0.589521	0.536104	0.536104	0.536104	0.536104	0.536104	0.480692	0.480692	0.433732	0.433732	0.433732	0.39349	0.39349	0.39349	0.39349	0.39349	0.39349	0.367879	0.367879	0.367879	0.367879	0.367879	0.367879	0.367879	0.367879	0.367879	0.367879	0.367879	0.367879	0.367879	0.367879	
0.367879	0.367879	0.571411	0.571411	0.628346	3.06659	4.37018	1.6571	2.0307	0.981267	0.981267	0.866367	0.971055	1.323	1.02714	1.02714	0.660756	0.660756	0.660756	0.660756	0.660756	0.660756	0.660756	0.660756	0.660756	0.660756	0.660756	0.660756	0.660756	0.660756	0.660756	0.660756	0.660756	0.600884	0.600884	0.618201	0.618201	0.618201	0.554304	0.554304	0.500152	0.500152	0.500152	0.453747	0.453747	0.453747	0.453747	0.453747	0.39349	0.367879	0.367879	0.367879	0.367879	0.367879	0.367879	0.367879	0.367879	0.367879	0.367879	0.367879	0.367879	0.367879	0.367879	
0.367879	0.367879	0.571411	0.571411	0.628346	3.06659	4.37018	1.6571	2.0307	0.981267	0.981267	0.866367	0.971055	1.323	1.02714	1.02714	0.660756	0.660756	0.660756	0.660756	0.660756	0.660756	0.660756	0.660756	0.660756	0.660756	0.660756	0.660756	0.660756	0.660756	0.660756	0.660756	0.660756	0.600884	0.600884	0.618201	0.618201	0.618201	0.554304	0.554304	0.500152	0.500152	0.500152	0.453747	0.453747	0.453747	0.453747	0.453747	0.39349	0.367879	0.367879	0.367879	0.367879	0.367879	0.367879	0.367879	0.367879	0.367879	0.367879	0.367879	0.367879	0.367879	0.367879	
0.367879	0.367879	0.571411	0.571411	0.628346	3.06659	4.37018	1.6571	2.0307	0.981267	0.981267	0.866367	0.971055	1.323	1.02714	1.02714	0.660756	0.660756	0.660756	0.660756	0.660756	0.660756	0.660756	0.660756	0.660756	0.660756	0.660756	0.660756	0.660756	0.660756	0.660756	0.660756	0.660756	0.600884	0.600884	0.618201	0.618201	0.618201	0.554304	0.554304	0.500152	0.500152	0.500152	0.453747	0.453747	0.453747	0.453747	0.453747	0.39349	0.367879	0.367879	0.367879	0.367879	0.367879	0.367879	0.367879	0.367879	0.367879	0.367879	0.367879	0.367879	0.367879	0.367879	
0.367879	0.367879	0.571411	0.571411	0.628346	3.06659	4.37018	1.6571	2.0307	0.981267	0.981267	0.866367	0.971055	1.323	1.02714	1.02714	0.660756	0.660756	0.660756	0.660756	0.660756	0.660756	0.660756	0.660756	0.660756	0.660756	0.660756	0.660756	0.660756	0.660756	0.660756	0.660756	0.660756	0.600884	0.600884	0.618201	0.618201	0.618201	0.554304	0.554304	0.500152	0.500152	0.500152	0.453747	0.453747	0.453747	0.453747	0.453747	0.39349	0.367879	0.367879	0.367879	0.367879	0.367879	0.367879	0.367879	0.367879	0.367879	0.367879	0.367879	0.367879	0.367879	0.367879	
0.367879	0.367879	0.571411	0.571411	0.628346	3.06659	4.37018	1.6571	2.0307	0.981267	0.981267	0.866367	0.971055	1.323	1.02714	1.02714	0.660756	0.660756	0.660756	0.660756	0.660756	0.660756	0.660756	0.660756	0.660756	0.660756	0.660756	0.660756	0.660756	0.660756	0.660756	0.660756	0.660756	0.600884	0.600884	0.618201	0.618201	0.618201	0.554304	0.554304	0.500152	0.500152	0.500152	0.453747	0.453747	0.453747	0.453747	0.453747	0.39349	0.367879	0.367879	0.367879	0.367879	0.367879	0.367879	0.367879	0.367879	0.367879	0.367879	0.367879	0.367879	0.367879	0.367879	
0.367879	0.367879	0.571411	0.571411	0.628346	3.06659	4.37018	1.6571	2.0307	0.981267	0.981267	0.866367	0.971055	1.323	1.02714	1.02714	0.660756	0.660756	0.660756	0.660756	0.660756	0.660756	0.660756	0.660756	0.660756	0.660756	0.660756	0.660756	0.660756	0.660756	0.660756	0.660756	0.660756	0.600884	0.600884	0.618201	0.618201	0.618201	0.554304	0.554304	0.500152	0.500152	0.500152	0.453747	0.453747	0.453747	0.453747	0.453747	0.39349	0.367879	0.367879	0.367879	0.367879	0.367879	0.367879	0.367879	0.367879	0.367879	0.367879	0.367879	0.367879	0.367879	0.367879	
0.367879	0.367879	0.571411	0.571411	0.628346	3.06659	4.37018	1.6571	2.0307	0.981267	0.981267	0.866367	0.971055	1.323	1.02714	1.02714	0.660756	0.660756	0.660756	0.660756	0.660756	0.660756	0.660756	0.660756	0.660756	0.660756	0.660756	0.660756	0.660756	0.660756	0.660756	0.660756	0.660756	0.600884	0.600884	0.618201	0.618201	0.618201	0.554304	0.554304	0.500152	0.500152	0.500152	0.453747	0.453747	0.453747	0.453747	0.453747	0.39349	0.367879	0.367879	0.367879	0.367879	0.367879	0.367879	0.367879	0.367879	0.367879	0.367879	0.367879	0.367879	0.367879	0.367879	
0.367879	0.367879	0.571411	0.571411	0.628346	3.06659	4.37018	1.6571	2.0307	0.981267	0.981267	0.866367	0.971055	1.323	1.02714	1.02714	0.660756	0.660756	0.660756	0.660756	0.660756	0.660756	0.660756	0.660756	0.660756	0.660756	0.660756	0.660756	0.660756	0.660756	0.660756	0.660756	0.660756	0.600884	0.600884	0.618201	0.618201	0.618201	0.554304	0.554304	0.500152	0.500152	0.500152	0.453747	0.453747	0.453747	0.453747	0.453747	0.39349	0.367879	0.367879	0.367879	0.367879	0.367879	0.367879	0.367879	0.367879	0.367879	0.367879	0.367879	0.367879	0.367879	0.367879	
0.367879	0.367879	0.571411	0.571411	0.628346	3.06659	4.37018	1.6571	2.0307	0.981267	0.981267	0.866367	0.971055	1.323	1.02714	1.02714	0.660756	0.660756	0.660756	0.660756	0.660756	0.660756	0.660756	0.660756	0.660756	0.660756	0.660756	0.660756	0.660756	0.660756	0.660756	0.660756	0.660756	0.600884	0.600884	0.618201	0.618201	0.618201	0.554304	0.554304	0.500152	0.500152	0.500152	0.453747	0.453747	0.453747	0.453747	0.453747	0.39349	0.367879	0.367879	0.367879	0.367879	0.367879	0.367879	0.367879	0.367879	0.367879	0.367879	0.367879	0.367879	0.367879	0.367879	
0.367879	0.367879	0.571411	0.571411	0.628346	3.06659	4.37018	1.6571	2.0307	0.981267	0.981267	0.866367	0.971055	1.323	1.02714	1.02714	0.660756	0.660756	0.660756	0.660756	0.660756	0.660756	0.660756	0.660756	0.660756	0.660756	0.660756	0.660756	0.660756	0.660756	0.660756	0.660756	0.660756	0.600884	0.600884	0.618201	0.618201	0.618201	0.554304	0.554304	0.500152	0.500152	0.500152	0.453747	0.453747	0.453747	0.453747	0.453747	0.39349	0.367879	0.367879	0.367879	0.367879	0.367879	0.367879	0.367879	0.367879	0.367879	0.367879	0.367879	0.367879	0.367879	0.367879	
0.367879	0.367879	0.571411	0.571411	0.628346	3.06659	4.37018	1.6571	2.0307	0.981267	0.981267	0.866367	0.971055	1.323	1.02714	1.02714	0.660756	0.660756	0.660756	0.660756	0.660756	0.660756	0.660756	0.660756	0.660756	0.660756	0.660756	0.660756	0.660756	0.660756	0.660756	0.660756	0.660756	0.600884	0.600884	0.618201	0.618201	0.618201	0.554304	0.554304	0.500152	0.500152	0.500152	0.453747	0.453747	0.453747	0.453747	0.453747	0.39349	0.367879	0.367879	0.367879	0.367879	0.367879	0.367879	0.367879	0.367879	0.367879	0.367879	0.367879	0.367879	0.367879	0.367879	
0.367879	0.367879	0.571411	0.571411	0.628346	3.06659	4.37018	1.6571	2.0307	0.981267	0.981267	0.866367	0.971055	1.323	1.02714	1.02714	0.660756	0.660756	0.660756	0.660756	0.660756	0.660756	0.660756	0.660756	0.660756	0.660756	0.660756	0.660756	0.660756	0.660756	0.660756	0.660756	0.660756	0.600884	0.600884	0.618201	0.618201	0.618201	0.554304	0.554304	0.500152	0.500152	0.500152	0.453747	0.453747	0.453747	0.453747	0.453747	0.39349	0.367879	0.367879	0.367879	0.367879	0.367879	0.367879	0.367879	0.367879	0.367879	0.367879	0.367879	0.367879	0.367879	0.367879	
0.367879	0.367879	0.571411	0.571411	0.628346	3.06659	4.37018	1.6571	2.0307	0.981267	0.981267	0.866367	0.971055	1.323	1.02714	1.02714	0.660756	0.660756	0.660756	0.660756	0.660756	0.660756	0.660756	0.660756	0.660756	0.660756	0.660756	0.660756	0.660756	0.660756	0.660756	0.660756	0.660756	0.600884	0.600884	0.618201	0.618201	0.618201	0.554304	0.554304	0.500152	0.500152	0.500152	0.453747	0.453747	0.453747	0.453747	0.453747	0.39349	0.367879	0.367879	0.367879	0.367879	0.367879	0.367879	0.367879	0.367879	0.367879	0.367879	0.367879	0.367879	0.367879	0.367879	
0.367879	0.367879	0.571411	0.571411	0.628346	3.06659	4.37018	1.6571	2.0307	0.981267	0.981267	0.866367	0.971055	1.323	1.02714	1.02714	0.660756	0.660756	0.660756	0.660756	0.660756	0.660756	0.660756	0.660756	0.660756	0.660756	0.660756	0.660756	0.660756	0.660756	0.660756	0.660756	0.660756	0.600884	0.600884	0.618201	0.618201	0.618201	0.554304	0.554304	0.500152	0.500152	0.500152	0.453747	0.453747	0.453747	0.453747	0.453747	0.39349	0.367879	0.367879	0.367879	0.367879	0.367879	0.367879	0.367879	0.367879	0.367879	0.367879	0.367879	0.367879	0.367879	0.367879	
0.367879	0.367879	0.571411	0.571411	0.628346	3.06659	4.37018	1.6571	2.0307	0.981267	0.981267	0.866367	0.971055	1.323	1.02714	1.02714	0.660756	0.660756	0.660756	0.660756	0.660756	0.660756	0.660756	0.660756	0.660756	0.660756	0.660756	0.660756	0.660756	0.660756	0.660756	0.660756	0.660756	0.600884	0.600884	0.618201	0.618201	0.618201	0.554304	0.554304	0.500152	0.500152	0.500152	0.453747	0.453747	0.453747	0.453747	0.453747	0.39349	0.367879	0.367879	0.367879	0.367879	0.367879	0.367879	0.367879	0.367879	0.367879	0.367879	0.367879	0.367879	0.367879	0.367879	
0.367879	0.367879	0.367879	0.367879	0.404535	0.404535	0.404535	0.404535	0.404535	0.432697	0.432697	0.548877	0.548877	0.548877	0.548877	0.548877	0.432697	0.432697	0.432697	0.432697	0.432697	0.432697	0.432697	0.432697	0.432697	0.432697	0.432697	0.432697	0.432697	0.432697	0.432697	0.432697	0.432697	0.39349	0.39349	0.453747	0.453747	0.453747	0.453747	0.453747	0.453747	0.453747	0.453747	0.453747	0.453747	0.453747	0.453747	0.453747	0.39349	0.367879	0.367879	0.367879	0.367879	0.367879	0.367879	0.367879	0.367879	0.367879	0.367879	0.367879	0.367879	0.367879	0.367879	
0.367879	0.367879	0.367879	0.367879	0.404535	0.404535	0.404535	0.404535	0.404535	0.404535	0.404535	0.513153	0.513153	0.513153	0.513153	0.513153	0.404535	0.404535	0.404535	0.404535	0.404535	0.404535	0.404535	0.404535	0.404535	0.404535	0.404535	0.404535	0.404535	0.404535	0.404535	0.404535	0.404535	0.367879	0.367879	0.424215	0.424215	0.424215	0.424215	0.424215	0.424215	0.424215	0.424215	0.424215	0.424215	0.424215	0.424215	0.424215	0.367879	0.367879	0.367879	0.367879	0.367879	0.367879	0.367879	0.367879	0.367879	0.367879	0.367879	0.367879	0.367879	0.367879	0.367879	
0.367879	0.367879	0.367879	0.367879	0.367879	0.367879	0.367879	0.367879	0.367879	0.367879	0.367879	0.367879	0.367879	0.367879	0.367879	0.367879	0.367879	0.367879	0.367879	0.367879	0.367879	0.367879	0.367879	0.367879	0.367879	0.367879	0.367879	0.367879	0.367879	0.367879	0.367879	0.367879	0.367879	0.367879	0.367879	0.424215	0.424215	0.424215	0.424215	0.424215	0.424215	0.424215	0.424215	0.424215	0.424215	0.424215	0.424215	0.424215	0.367879	0.367879	0.367879	0.367879	0.367879	0.367879	0.367879	0.367879	0.367879	0.367879	0.367879	0.367879	0.367879	0.367879	0.367879	
0.367879	0.367879	0.367879	0.367879	0.367879	0.367879	0.367879	0.367879	0.367879	0.367879	0.367879	0.367879	0.367879	0.367879	0.367879	0.367879	0.367879	0.367879	0.367879	0.367879	0.367879	0.367879	0.367879	0.367879	0.367879	0.367879	0.367879	0.367879	0.367879	0.367879	0.367879	0.367879	0.367879	0.367879	0.367879	0.424215	0.424215	0.424215	0.424215	0.424215	0.424215	0.424215	0.424215	0.424215	0.424215	0.424215	0.424215	0.424215	0.367879	0.367879	0.367879	0.367879	0.367879	0.367879	0.367879	0.367879	0.367879	0.367879	0.367879	0.367879	0.367879	0.367879	0.367879	
0.367879	0.367879	0.367879	0.367879	0.367879	0.367879	0.367879	0.367879	0.367879	0.367879	0.367879	0.367879	0.367879	0.367879	0.367879	0.367879	0.367879	0.367879	0.367879	0.367879	0.367879	0.367879	0.367879	0.367879	0.367879	0.367879	0.367879	0.367879	0.367879	0.367879	0.367879	0.367879	0.367879	0.367879	0.367879	0.367879	0.367879	0.367879	0.367879	0.367879	0.367879	0.367879	0.367879	0.367879	0.367879	0.367879	0.367879	0.367879	0.367879	0.367879	0.367879	0.367879	0.367879	0.367879	0.367879	0.367879	0.367879	0.367879	0.367879	0.367879	0.367879	0.367879	0.367879	
