0.367879	0.367879	0.367879	0.367879	0.367879	0.367879	0.367879	0.367879	0.367879	0.367879	0.367879	0.367879	0.367879	0.367879	0.367879	0.367879	0.367879	0.367879	0.367879	0.367879	0.367879	0.367879	0.367879	0.367879	0.367879	0.367879	0.367879	0.367879	0.367879	0.367879	0.367879	0.367879	0.367879	0.367879	0.367879	0.367879	0.367879	0.367879	0.367879	0.367879	0.367879	0.367879	0.367879	0.367879	0.367879	0.367879	0.367879	0.367879	0.367879	0.367879	0.367879	0.367879	0.367879	0.367879	0.367879	0.367879	0.367879	0.367879	0.367879	0.367879	0.367879	0.367879	0.367879	
0.367879	0.367879	0.367879	0.367879	0.367879	0.367879	0.367879	0.367879	0.367879	0.367879	0.367879	0.367879	0.367879	0.367879	0.367879	0.367879	0.367879	0.367879	0.367879	0.367879	0.367879	0.367879	0.367879	0.367879	0.367879	0.367879	0.367879	0.367879	0.367879	0.367879	0.367879	0.367879	0.367879	0.367879	0.367879	0.367879	0.367879	0.367879	0.367879	0.367879	0.367879	0.367879	0.367879	0.367879	0.367879	0.367879	0.367879	0.367879	0.367879	0.367879	0.367879	0.367879	0.367879	0.367879	0.367879	0.367879	0.367879	0.367879	0.367879	0.367879	0.367879	0.367879	0.367879	
0.367879	0.367879	0.367879	0.367879	0.367879	0.367879	0.367879	0.367879	0.367879	0.367879	0.367879	0.367879	0.367879	0.367879	0.367879	0.367879	0.367879	0.367879	0.367879	0.367879	0.367879	0.367879	0.367879	0.367879	0.367879	0.367879	0.367879	0.367879	0.367879	0.367879	0.367879	0.367879	0.367879	0.367879	0.367879	0.367879	0.367879	0.367879	0.367879	0.367879	0.367879	0.367879	0.367879	0.367879	0.367879	0.367879	0.367879	0.367879	0.367879	0.367879	0.367879	0.367879	0.367879	0.367879	0.367879	0.367879	0.367879	0.367879	0.367879	0.367879	0.367879	0.367879	0.367879	
0.367879	0.367879	0.367879	0.367879	0.367879	0.367879	0.367879	0.367879	0.367879	0.367879	0.367879	0.367879	0.367879	0.367879	0.367879	0.367879	0.367879	0.367879	0.367879	0.367879	0.367879	0.367879	0.367879	0.367879	0.367879	0.367879	0.367879	0.367879	0.367879	0.367879	0.367879	0.367879	0.367879	0.367879	0.367879	0.367879	0.367879	0.367879	0.367879	0.367879	0.367879	0.367879	0.367879	0.367879	0.367879	0.367879	0.367879	0.367879	0.367879	0.367879	0.367879	0.367879	0.367879	0.367879	0.367879	0.367879	0.367879	0.367879	0.367879	0.367879	0.367879	0.367879	0.367879	
0.367879	0.367879	0.367879	0.367879	0.367879	0.367879	0.367879	0.367879	0.367879	0.367879	0.367879	0.367879	0.367879	0.367879	0.367879	0.367879	0.367879	0.367879	0.367879	0.367879	0.367879	0.367879	0.367879	0.367879	0.367879	0.367879	0.367879	0.367879	0.367879	0.367879	0.367879	0.367879	0.367879	0.367879	0.367879	0.367879	0.367879	0.367879	0.367879	0.367879	0.367879	0.367879	0.367879	0.367879	0.367879	0.367879	0.367879	0.367879	0.367879	0.367879	0.367879	0.367879	0.367879	0.367879	0.367879	0.367879	0.367879	0.367879	0.367879	0.367879	0.367879	0.367879	0.367879	
0.367879	0.367879	0.367879	0.367879	0.367879	0.367879	0.367879	0.367879	0.367879	0.367879	0.367879	0.367879	0.367879	0.367879	0.367879	0.367879	0.367879	0.367879	0.367879	0.367879	0.367879	0.367879	0.367879	0.367879	0.367879	0.367879	0.367879	0.367879	0.367879	0.367879	0.367879	0.367879	0.367879	0.367879	0.367879	0.367879	0.367879	0.367879	0.367879	0.367879	0.367879	0.367879	0.367879	0.367879	0.367879	0.367879	0.367879	0.367879	0.367879	0.367879	0.367879	0.367879	0.367879	0.367879	0.367879	0.367879	0.367879	0.367879	0.367879	0.367879	0.367879	0.367879	0.367879	
0.367879	0.367879	0.367879	0.367879	0.367879	0.367879	0.367879	0.367879	0.367879	0.367879	0.367879	0.367879	0.367879	0.367879	0.367879	0.367879	0.367879	0.367879	0.367879	0.367879	0.367879	0.367879	0.367879	0.367879	0.367879	0.367879	0.367879	0.367879	0.367879	0.367879	0.367879	0.367879	0.367879	0.367879	0.367879	0.367879	0.367879	0.367879	0.367879	0.367879	0.367879	0.367879	0.367879	0.367879	0.367879	0.367879	0.367879	0.367879	0.367879	0.367879	0.367879	0.367879	0.367879	0.367879	0.367879	0.367879	0.367879	0.367879	0.367879	0.367879	0.367879	0.367879	0.367879	
0.367879	0.367879	0.367879	0.367879	0.367879	0.367879	0.367879	0.367879	0.367879	0.367879	0.367879	0.367879	0.367879	0.367879	0.367879	0.367879	0.367879	0.367879	0.367879	0.367879	0.367879	0.367879	0.367879	0.367879	0.367879	0.367879	0.367879	0.367879	0.367879	0.367879	0.367879	0.367879	0.367879	0.367879	0.367879	0.367879	0.367879	0.367879	0.367879	0.367879	0.367879	0.367879	0.367879	0.367879	0.367879	0.367879	0.367879	0.367879	0.367879	0.367879	0.367879	0.367879	0.367879	0.367879	0.367879	0.367879	0.367879	0.367879	0.367879	0.367879	0.367879	0.367879	0.367879	
0.367879	0.367879	0.367879	0.367879	0.367879	0.367879	0.367879	0.367879	0.367879	0.367879	0.367879	0.367879	0.367879	0.367879	0.367879	0.367879	0.367879	0.367879	0.367879	0.367879	0.367879	0.367879	0.367879	0.367879	0.367879	0.367879	0.367879	0.367879	0.367879	0.367879	0.367879	0.367879	0.367879	0.367879	0.367879	0.367879	0.367879	0.367879	0.367879	0.367879	0.367879	0.367879	0.367879	0.367879	0.367879	0.367879	0.367879	0.367879	0.367879	0.367879	0.367879	0.367879	0.367879	0.367879	0.367879	0.367879	0.367879	0.367879	0.367879	0.367879	0.367879	0.367879	0.367879	
0.367879	0.367879	0.367879	0.367879	0.367879	0.665382	0.665382	0.665382	0.367879	0.367879	0.367879	0.367879	0.367879	0.367879	0.367879	0.367879	0.367879	0.367879	0.367879	0.367879	0.367879	0.367879	0.367879	0.367879	0.367879	0.367879	0.367879	0.367879	0.367879	0.367879	0.367879	0.367879	0.367879	0.367879	0.367879	0.367879	0.367879	0.367879	0.367879	0.367879	0.367879	0.367879	0.367879	0.367879	0.367879	0.367879	0.367879	0.367879	0.367879	0.367879	0.367879	0.367879	0.367879	0.367879	0.367879	0.367879	0.367879	0.367879	0.367879	0.367879	0.367879	0.367879	0.367879	
0.367879	0.367879	0.367879	0.367879	0.367879	0.665382	0.665382	0.665382	0.367879	0.367879	0.367879	0.367879	0.367879	0.367879	0.367879	0.367879	0.367879	0.367879	0.367879	0.367879	0.367879	0.367879	0.367879	0.367879	0.367879	0.367879	0.367879	0.367879	0.367879	0.367879	0.367879	0.367879	0.367879	0.367879	0.367879	0.367879	0.367879	0.367879	0.367879	0.367879	0.367879	0.367879	0.367879	0.367879	0.367879	0.367879	0.367879	0.367879	0.367879	0.367879	0.367879	0.367879	0.367879	0.367879	0.367879	0.367879	0.367879	0.367879	0.367879	0.367879	0.367879	0.367879	0.367879	
0.367879	0.367879	0.367879	0.367879	0.367879	0.665382	0.665382	0.665382	0.367879	0.367879	0.367879	0.367879	0.367879	0.367879	0.367879	0.367879	0.367879	0.367879	0.367879	0.367879	0.367879	0.367879	0.367879	0.367879	0.367879	0.367879	0.367879	0.367879	0.367879	0.367879	0.367879	0.367879	0.367879	0.367879	0.367879	0.367879	0.367879	0.367879	0.367879	0.367879	0.367879	0.367879	0.367879	0.367879	0.367879	0.367879	0.367879	0.367879	0.367879	0.367879	0.367879	0.367879	0.367879	0.367879	0.367879	0.367879	0.367879	0.367879	0.367879	0.367879	0.367879	0.367879	0.367879	
0.367879	0.367879	0.367879	0.367879	0.367879	0.665382	0.665382	0.665382	0.367879	0.367879	0.367879	0.367879	0.367879	0.367879	0.367879	0.367879	0.367879	0.367879	0.367879	0.367879	0.367879	0.367879	0.367879	0.367879	0.367879	0.367879	0.367879	0.367879	0.367879	0.367879	0.367879	0.367879	0.367879	0.367879	0.367879	0.367879	0.367879	0.367879	0.367879	0.367879	0.367879	0.367879	0.367879	0.367879	0.367879	0.367879	0.367879	0.367879	0.367879	0.367879	0.367879	0.367879	0.367879	0.367879	0.367879	0.367879	0.367879	0.367879	0.367879	0.367879	0.367879	0.367879	0.367879	
0.367879	0.367879	0.367879	0.367879	0.367879	0.665382	0.665382	0.665382	0.367879	0.367879	0.367879	0.367879	0.367879	0.367879	0.367879	0.367879	0.367879	0.367879	0.367879	0.367879	0.367879	0.367879	0.367879	0.464509	0.464509	0.464509	0.464509	0.464509	0.464509	0.464509	0.464509	0.464509	0.464509	0.464509	0.464509	0.464509	0.464509	0.464509	0.464509	0.464509	0.464509	0.464509	0.464509	0.464509	0.464509	0.464509	0.464509	0.464509	0.464509	0.367879	0.367879	0.367879	0.367879	0.367879	0.367879	0.367879	0.367879	0.367879	0.367879	0.367879	0.367879	0.367879	0.367879	
0.367879	0.367879	0.367879	0.367879	0.367879	0.665382	0.665382	0.665382	0.367879	0.367879	0.367879	0.367879	0.367879	0.367879	0.367879	0.367879	0.367879	0.367879	0.367879	0.367879	0.367879	0.367879	0.367879	0.464509	0.464509	0.464509	0.464509	0.464509	0.464509	0.464509	0.464509	0.464509	0.464509	0.464509	0.464509	0.464509	0.464509	0.464509	0.464509	0.464509	0.464509	0.464509	0.464509	0.464509	0.464509	0.464509	0.464509	0.464509	0.464509	0.367879	0.367879	0.367879	0.367879	0.367879	0.367879	0.367879	0.367879	0.367879	0.367879	0.367879	0.367879	0.367879	0.367879	
0.367879	0.367879	0.367879	0.367879	0.367879	0.665382	0.665382	0.665382	0.367879	0.367879	0.367879	0.367879	0.367879	0.367879	0.367879	0.367879	0.367879	0.367879	0.367879	0.367879	0.367879	0.367879	0.367879	0.464509	0.464509	0.464509	0.464509	0.464509	0.464509	0.464509	0.464509	0.464509	0.464509	0.464509	0.464509	0.464509	0.464509	0.464509	0.464509	0.464509	0.464509	0.464509	1.79628	1.79628	0.464509	0.464509	0.464509	0.464509	0.464509	0.367879	0.367879	0.367879	0.367879	0.367879	0.367879	0.367879	0.367879	0.367879	0.367879	0.367879	0.367879	0.367879	0.367879	
0.367879	0.367879	0.367879	0.367879	0.367879	0.665382	0.665382	0.665382	0.367879	0.367879	0.394027	0.394027	0.394027	0.394027	0.394027	0.394027	0.394027	0.394027	0.394027	0.394027	0.394027	0.394027	0.394027	0.497524	0.497524	0.497524	0.497524	0.497524	0.497524	0.497524	0.497524	0.497524	0.497524	0.497524	0.497524	0.497524	0.497524	0.497524	0.497524	0.497524	1.38873	1.38873	5.37028	1.92395	0.464509	0.464509	0.464509	0.464509	0.464509	0.367879	0.367879	0.367879	0.367879	0.367879	0.367879	0.367879	0.367879	0.367879	0.367879	0.367879	0.367879	0.367879	0.367879	
0.367879	0.367879	0.367879	0.367879	0.367879	0.665382	0.665382	0.665382	0.367879	0.367879	0.394027	0.394027	0.394027	0.394027	0.394027	0.394027	0.394027	0.394027	0.394027	0.394027	0.394027	0.394027	0.394027	0.497524	0.497524	0.497524	0.497524	0.497524	0.497524	0.497524	0.497524	0.497524	0.497524	0.497524	0.497524	0.497524	0.497524	0.497524	0.497524	0.497524	1.38873	1.38873	5.37028	1.92395	0.464509	0.464509	0.464509	0.464509	0.464509	0.367879	0.367879	0.367879	0.367879	0.367879	0.367879	0.367879	0.367879	0.367879	0.367879	0.367879	0.367879	0.367879	0.367879	
0.367879	0.367879	0.367879	0.367879	0.367879	0.665382	0.665382	0.665382	0.367879	0.367879	0.394027	0.394027	0.394027	0.394027	0.394027	0.394027	0.394027	0.394027	0.394027	0.394027	0.394027	0.394027	0.394027	0.497524	0.497524	0.497524	0.497524	0.497524	0.497524	0.497524	0.497524	0.497524	0.497524	0.497524	0.497524	0.497524	0.497524	0.497524	0.497524	0.497524	1.38873	1.38873	1.38873	0.497524	0.464509	0.464509	0.464509	0.464509	0.464509	0.367879	0.367879	0.367879	0.367879	0.367879	0.367879	0.367879	0.367879	0.367879	0.367879	0.367879	0.367879	0.367879	0.367879	
0.367879	0.367879	0.367879	0.367879	0.367879	0.665382	0.665382	0.665382	0.367879	0.367879	0.394027	0.394027	0.394027	0.394027	0.394027	0.394027	0.394027	0.444282	0.444282	0.444282	0.444282	0.444282	0.444282	0.560979	0.560979	0.560979	0.560979	0.560979	0.560979	0.560979	0.497524	0.497524	0.497524	0.497524	0.497524	0.497524	0.497524	0.497524	0.497524	0.497524	0.497524	0.497524	0.497524	0.497524	0.464509	0.464509	0.464509	0.464509	0.464509	0.367879	0.367879	0.367879	0.367879	0.367879	0.367879	0.367879	0.367879	0.367879	0.367879	0.367879	0.367879	0.367879	0.367879	
0.367879	0.367879	0.367879	0.367879	0.367879	0.665382	0.665382	0.665382	0.367879	0.367879	0.394027	0.394027	0.394027	0.394027	0.394027	0.394027	0.394027	0.444282	0.444282	0.444282	0.444282	0.444282	0.444282	0.444282	0.444282	0.444282	0.444282	0.444282	0.444282	0.444282	0.394027	0.394027	0.394027	0.394027	0.394027	0.394027	0.394027	0.394027	0.394027	0.394027	0.394027	0.394027	0.394027	0.394027	0.367879	0.367879	0.367879	0.367879	0.367879	0.367879	0.367879	0.367879	0.367879	0.367879	0.367879	0.367879	0.367879	0.367879	0.367879	0.367879	0.367879	0.367879	0.367879	
0.367879	0.367879	0.367879	0.367879	0.367879	0.665382	0.665382	0.665382	0.367879	0.367879	0.394027	0.394027	0.394027	0.394027	0.394027	0.394027	0.394027	0.444282	0.444282	0.444282	0.444282	0.444282	0.444282	0.444282	0.444282	0.444282	0.444282	0.444282	0.444282	0.444282	0.394027	0.394027	0.394027	0.394027	0.394027	0.394027	0.394027	0.394027	0.394027	0.394027	0.394027	0.394027	0.394027	0.394027	0.367879	0.367879	0.367879	0.367879	0.367879	0.367879	0.367879	0.367879	0.367879	0.367879	0.367879	0.367879	0.367879	0.367879	0.367879	0.367879	0.367879	0.367879	0.367879	
0.367879	0.367879	0.367879	0.367879	0.367879	0.665382	0.665382	0.665382	0.367879	0.367879	0.394027	0.394027	0.394027	0.394027	0.394027	0.394027	0.394027	0.444282	0.444282	0.444282	0.444282	0.444282	0.444282	0.444282	0.444282	0.444282	0.444282	0.444282	0.444282	0.444282	0.394027	0.394027	0.394027	0.394027	0.394027	0.394027	0.394027	0.394027	0.394027	0.394027	0.394027	0.394027	0.394027	0.394027	0.367879	0.367879	0.367879	0.367879	0.367879	0.367879	0.367879	0.367879	0.367879	0.367879	0.367879	0.367879	0.367879	0.367879	0.367879	0.367879	0.367879	0.367879	0.367879	
0.367879	0.367879	0.367879	0.367879	0.367879	0.665382	0.665382	0.665382	0.367879	0.367879	0.394027	0.394027	0.394027	0.394027	0.394027	0.394027	0.394027	0.444282	0.444282	0.444282	0.444282	0.444282	0.444282	0.444282	0.444282	0.444282	0.444282	0.444282	0.444282	0.444282	0.394027	0.394027	0.394027	0.394027	0.394027	0.394027	0.394027	0.394027	0.394027	0.394027	0.394027	0.394027	0.394027	0.394027	0.367879	0.367879	0.367879	0.367879	0.367879	0.367879	0.367879	0.367879	0.367879	0.367879	0.367879	0.367879	0.367879	0.367879	0.367879	0.367879	0.367879	0.367879	0.367879	
0.367879	0.367879	0.367879	0.367879	0.367879	0.665382	0.665382	0.665382	0.367879	0.367879	0.394027	0.394027	0.394027	0.394027	0.394027	0.394027	0.394027	0.444282	0.444282	0.444282	0.444282	0.444282	0.444282	0.444282	0.444282	0.444282	0.444282	0.444282	0.444282	0.444282	0.394027	0.394027	0.394027	0.394027	0.394027	0.394027	0.394027	0.394027	0.394027	0.394027	0.394027	0.394027	0.394027	0.394027	0.367879	0.367879	0.367879	0.367879	0.367879	0.367879	0.367879	0.367879	0.367879	0.367879	0.367879	0.367879	0.367879	0.367879	0.367879	0.367879	0.367879	0.367879	0.367879	
0.367879	0.367879	0.367879	0.367879	0.367879	0.665382	0.665382	0.665382	0.367879	0.367879	0.394027	0.394027	0.394027	0.394027	0.394027	0.394027	0.394027	0.444282	0.444282	0.444282	0.444282	0.444282	0.444282	0.444282	0.444282	0.444282	0.444282	0.444282	0.444282	0.444282	0.394027	0.394027	0.394027	0.394027	0.394027	0.394027	0.394027	0.394027	0.394027	0.394027	0.394027	0.394027	0.394027	0.394027	0.367879	0.367879	0.367879	0.367879	0.367879	0.367879	0.367879	0.367879	0.367879	0.367879	0.367879	0.367879	0.367879	0.367879	0.367879	0.367879	0.367879	0.367879	0.367879	
0.367879	0.367879	0.367879	0.367879	0.367879	0.665382	0.665382	0.665382	0.367879	0.367879	0.394027	0.394027	0.394027	0.394027	0.394027	0.394027	0.394027	0.444282	0.444282	0.444282	0.444282	0.444282	0.444282	0.444282	0.444282	0.444282	0.444282	0.444282	0.444282	0.444282	0.394027	0.394027	0.394027	0.394027	0.394027	0.394027	0.394027	0.394027	0.394027	0.394027	0.394027	0.394027	0.394027	0.394027	0.367879	0.367879	0.367879	0.367879	0.367879	0.367879	0.367879	0.367879	0.367879	0.367879	0.367879	0.367879	0.367879	0.367879	0.367879	0.367879	0.367879	0.367879	0.367879	
0.367879	0.367879	0.367879	0.367879	0.367879	0.665382	0.665382	0.665382	0.367879	0.367879	0.394027	0.394027	0.394027	0.394027	0.394027	0.394027	0.394027	0.444282	0.444282	0.444282	0.444282	0.444282	0.444282	0.444282	0.444282	0.444282	0.444282	0.444282	0.444282	0.444282	0.394027	0.394027	0.394027	0.394027	0.394027	0.394027	0.394027	0.394027	0.394027	0.394027	0.394027	0.394027	0.394027	0.394027	0.367879	0.367879	0.367879	0.367879	0.367879	0.367879	0.367879	0.367879	0.367879	0.367879	0.367879	0.367879	0.367879	0.367879	0.367879	0.367879	0.367879	0.367879	0.367879	
0.367879	0.367879	0.367879	0.367879	0.367879	0.665382	0.665382	0.665382	0.367879	0.367879	0.394027	0.394027	0.394027	0.394027	0.394027	0.394027	0.394027	0.444282	0.444282	0.444282	0.444282	0.444282	0.444282	0.444282	0.444282	0.444282	0.444282	0.444282	0.444282	0.444282	0.394027	0.394027	0.394027	0.394027	0.394027	0.394027	0.394027	0.394027	0.394027	0.394027	0.394027	0.394027	0.394027	0.394027	0.367879	0.367879	0.367879	0.367879	0.367879	0.367879	0.367879	0.367879	0.367879	0.367879	0.367879	0.367879	0.367879	0.367879	0.367879	0.367879	0.367879	0.367879	0.367879	
0.367879	0.367879	0.367879	0.367879	0.367879	0.665382	0.665382	0.665382	0.367879	0.367879	0.394027	0.394027	0.394027	0.394027	0.394027	0.394027	0.394027	0.444282	0.444282	0.444282	0.444282	0.444282	0.444282	0.444282	0.444282	0.444282	0.444282	0.444282	0.444282	0.444282	0.394027	0.394027	0.394027	0.394027	0.394027	0.394027	0.394027	0.394027	0.394027	0.394027	0.394027	0.394027	0.394027	0.394027	0.367879	0.367879	0.367879	0.367879	0.367879	0.367879	0.367879	0.367879	0.367879	0.367879	0.367879	0.367879	0.367879	0.367879	0.367879	0.367879	0.367879	0.367879	0.367879	
0.367879	0.367879	0.367879	0.367879	0.367879	0.665382	0.665382	0.665382	0.367879	0.367879	0.394027	0.394027	0.394027	0.394027	0.394027	0.394027	0.394027	0.444282	0.444282	0.444282	0.444282	0.444282	0.444282	0.444282	0.444282	0.444282	0.444282	0.444282	0.444282	0.444282	0.394027	0.394027	0.394027	0.394027	0.394027	0.394027	0.394027	0.394027	0.394027	0.394027	0.394027	0.394027	0.394027	0.394027	0.367879	0.367879	0.367879	0.367879	0.367879	0.367879	0.367879	0.367879	0.367879	0.367879	0.367879	0.367879	0.367879	0.367879	0.367879	0.367879	0.367879	0.367879	0.367879	
0.367879	0.367879	0.367879	0.367879	0.367879	0.367879	0.367879	0.367879	0.367879	0.367879	0.394027	0.394027	0.394027	0.394027	0.394027	0.394027	0.394027	0.444282	0.444282	0.444282	0.444282	0.444282	0.444282	0.444282	0.444282	0.444282	0.444282	0.444282	0.444282	0.444282	0.394027	0.394027	0.394027	0.394027	0.394027	0.394027	0.394027	0.394027	0.394027	0.394027	0.394027	0.394027	0.394027	0.394027	0.367879	0.367879	0.367879	0.367879	0.367879	0.367879	0.367879	0.367879	0.367879	0.367879	0.367879	0.367879	0.367879	0.367879	0.367879	0.367879	0.367879	0.367879	0.367879	
0.367879	0.367879	0.367879	0.367879	0.367879	0.367879	0.367879	0.367879	0.367879	0.367879	0.394027	0.394027	0.394027	0.394027	0.394027	0.394027	0.394027	0.444282	0.444282	0.444282	0.444282	0.444282	0.444282	0.444282	0.444282	0.444282	0.444282	0.444282	0.444282	0.444282	0.394027	0.394027	0.394027	0.394027	0.394027	0.394027	0.394027	0.394027	0.394027	0.394027	0.394027	0.394027	0.394027	0.394027	0.367879	0.367879	0.367879	0.367879	0.367879	0.367879	0.367879	0.367879	0.367879	0.367879	0.367879	0.367879	0.367879	0.367879	0.367879	0.367879	0.367879	0.367879	0.367879	
0.367879	0.367879	0.367879	0.367879	0.367879	0.367879	0.417948	0.417948	0.417948	0.417948	0.447654	0.447654	0.447654	0.447654	0.447654	0.447654	0.447654	0.504748	0.504748	0.504748	0.504748	0.504748	0.504748	0.504748	0.504748	0.504748	0.504748	0.504748	0.504748	0.504748	0.447654	0.447654	0.447654	0.447654	0.447654	0.447654	0.394027	0.394027	0.394027	0.394027	0.394027	0.394027	0.394027	0.394027	0.367879	0.367879	0.367879	0.367879	0.367879	0.367879	0.367879	0.367879	0.367879	0.367879	0.367879	0.367879	0.367879	0.367879	0.367879	0.367879	0.367879	0.367879	0.367879	
0.367879	0.367879	0.367879	0.367879	0.367879	0.367879	0.417948	0.417948	0.417948	0.417948	0.447654	0.447654	0.447654	0.447654	0.447654	0.447654	0.447654	0.504748	0.504748	0.504748	0.504748	0.504748	0.504748	0.504748	0.504748	0.504748	0.504748	0.504748	0.504748	0.504748	0.447654	0.447654	0.447654	0.447654	0.447654	0.447654	0.394027	0.394027	0.394027	0.394027	0.394027	0.394027	0.394027	0.394027	0.367879	0.367879	0.367879	0.367879	0.367879	0.367879	0.367879	0.367879	0.367879	0.367879	0.367879	0.367879	0.367879	0.367879	0.367879	0.367879	0.367879	0.367879	0.367879	
0.367879	0.367879	0.367879	0.367879	0.367879	0.367879	0.417948	0.417948	0.417948	0.417948	0.447654	0.447654	0.447654	0.447654	0.447654	0.447654	0.447654	0.504748	0.504748	0.504748	0.504748	0.504748	0.504748	0.504748	0.504748	0.504748	0.504748	0.504748	0.504748	0.504748	0.447654	0.447654	0.447654	0.447654	0.447654	0.447654	0.394027	0.394027	0.394027	0.394027	0.394027	0.394027	0.394027	0.394027	0.367879	0.367879	0.367879	0.367879	0.367879	0.367879	0.367879	0.367879	0.367879	0.367879	0.367879	0.367879	0.367879	0.367879	0.367879	0.367879	0.367879	0.367879	0.367879	
0.367879	0.367879	0.367879	0.367879	0.367879	0.367879	0.417948	0.417948	0.417948	0.417948	0.447654	0.447654	0.447654	0.447654	0.447654	0.447654	0.447654	0.504748	0.504748	0.504748	0.504748	0.504748	0.504748	0.504748	0.504748	0.504748	0.504748	0.504748	0.504748	0.504748	0.447654	0.447654	0.447654	0.447654	0.447654	0.447654	0.394027	0.394027	0.394027	0.394027	0.394027	0.394027	0.394027	0.394027	0.367879	0.367879	0.367879	0.367879	0.367879	0.367879	0.367879	0.367879	0.367879	0.367879	0.367879	0.367879	0.367879	0.367879	0.367879	0.367879	0.367879	0.367879	0.367879	
0.367879	0.367879	0.367879	0.367879	0.367879	0.367879	0.417948	0.417948	0.417948	0.417948	0.447654	0.447654	0.447654	0.447654	0.447654	0.447654	0.447654	0.504748	0.504748	0.504748	0.504748	0.504748	0.504748	0.504748	0.504748	0.504748	0.504748	0.504748	0.504748	0.504748	0.447654	0.447654	0.447654	0.447654	0.447654	0.447654	0.394027	0.394027	0.394027	0.394027	0.394027	0.394027	0.394027	0.394027	0.367879	0.367879	0.367879	0.367879	0.367879	0.367879	0.367879	0.367879	0.367879	0.367879	0.367879	0.367879	0.367879	0.367879	0.367879	0.367879	0.367879	0.367879	0.367879	
0.367879	0.367879	0.367879	0.367879	0.367879	0.367879	0.417948	0.417948	0.417948	0.417948	0.447654	0.447654	0.447654	0.447654	0.447654	0.447654	0.447654	0.504748	0.504748	0.504748	0.504748	0.504748	0.504748	0.504748	0.504748	0.504748	0.504748	0.504748	0.504748	0.504748	0.447654	0.447654	0.447654	0.447654	0.447654	0.447654	0.394027	0.394027	0.394027	0.394027	0.394027	0.394027	0.394027	0.394027	0.367879	0.367879	0.367879	0.367879	0.367879	0.367879	0.367879	0.367879	0.367879	0.367879	0.367879	0.367879	0.367879	0.367879	0.367879	0.367879	0.367879	0.367879	0.367879	
0.367879	0.367879	0.367879	0.367879	0.367879	0.367879	0.417948	0.417948	0.417948	0.417948	0.447654	0.447654	0.447654	0.447654	0.447654	0.447654	0.447654	0.504748	0.504748	0.504748	0.504748	0.504748	0.504748	0.504748	0.504748	0.504748	0.504748	0.504748	0.504748	0.504748	0.447654	0.447654	0.447654	0.447654	0.447654	0.447654	0.394027	0.394027	0.394027	0.394027	0.394027	0.394027	0.394027	0.394027	0.367879	0.367879	0.367879	0.367879	0.367879	0.367879	0.367879	0.367879	0.367879	0.367879	0.367879	0.367879	0.367879	0.367879	0.367879	0.367879	0.367879	0.367879	0.367879	
0.367879	0.367879	0.367879	0.367879	0.367879	0.367879	0.417948	0.417948	0.417948	0.417948	0.447654	0.447654	0.447654	0.447654	0.447654	0.447654	0.447654	0.504748	0.504748	0.504748	0.504748	0.504748	0.504748	0.504748	0.504748	0.504748	0.504748	0.504748	0.504748	0.504748	0.447654	0.447654	0.447654	0.447654	0.447654	0.447654	0.394027	0.394027	0.394027	0.394027	0.394027	0.394027	0.394027	0.394027	0.367879	0.367879	0.367879	0.367879	0.367879	0.367879	0.367879	0.367879	0.367879	0.367879	0.367879	0.367879	0.367879	0.367879	0.367879	0.367879	0.367879	0.367879	0.367879	
0.367879	0.367879	0.367879	0.367879	0.367879	0.367879	0.417948	0.417948	0.417948	0.417948	0.447654	0.447654	0.447654	0.447654	0.447654	0.447654	0.447654	0.504748	0.504748	0.504748	0.504748	0.504748	0.504748	0.504748	0.504748	0.504748	0.504748	0.504748	0.504748	0.504748	0.447654	0.447654	0.447654	0.447654	0.447654	0.447654	0.394027	0.394027	0.394027	0.394027	0.394027	0.394027	0.394027	0.394027	0.367879	0.367879	0.367879	0.367879	0.367879	0.367879	0.367879	0.367879	0.367879	0.367879	0.367879	0.367879	0.367879	0.367879	0.367879	0.367879	0.367879	0.367879	0.367879	
0.367879	0.367879	0.367879	0.367879	0.367879	0.367879	0.417948	0.417948	0.417948	0.417948	0.447654	0.447654	0.447654	0.447654	0.447654	0.447654	0.447654	0.504748	0.504748	0.504748	0.504748	0.504748	0.504748	0.504748	0.504748	0.504748	0.504748	0.504748	0.504748	0.504748	0.447654	0.447654	0.447654	0.447654	0.447654	0.447654	0.394027	0.394027	0.394027	0.394027	0.394027	0.394027	0.394027	0.394027	0.367879	0.367879	0.367879	0.367879	0.367879	0.367879	0.367879	0.367879	0.367879	0.367879	0.367879	0.367879	0.367879	0.367879	0.367879	0.367879	0.367879	0.367879	0.367879	
0.367879	0.367879	0.367879	0.367879	0.367879	0.367879	0.417948	0.417948	0.417948	0.417948	0.417948	0.417948	0.417948	0.417948	0.417948	0.417948	0.417948	0.471253	0.471253	0.471253	0.471253	0.471253	0.471253	0.471253	0.471253	0.471253	0.471253	0.471253	0.471253	0.471253	0.417948	0.417948	0.417948	0.417948	0.417948	0.417948	0.367879	0.367879	0.367879	0.367879	0.367879	0.367879	0.367879	0.367879	0.367879	0.367879	0.367879	0.367879	0.367879	0.367879	0.367879	0.367879	0.367879	0.367879	0.367879	0.367879	0.367879	0.367879	0.367879	0.367879	0.367879	0.367879	0.367879	
0.367879	0.367879	0.367879	0.367879	0.367879	0.367879	0.367879	0.367879	0.367879	0.367879	0.367879	0.367879	0.367879	0.367879	0.367879	0.367879	0.367879	0.414799	0.414799	0.414799	0.414799	0.414799	0.414799	0.414799	0.414799	0.414799	0.414799	0.414799	0.414799	0.414799	0.367879	0.367879	0.367879	0.367879	0.367879	0.367879	0.367879	0.367879	0.367879	0.367879	0.367879	0.367879	0.367879	0.367879	0.367879	0.367879	0.367879	0.367879	0.367879	0.367879	0.367879	0.367879	0.367879	0.367879	0.367879	0.367879	0.367879	0.367879	0.367879	0.367879	0.367879	0.367879	0.367879	
0.367879	0.367879	0.367879	0.367879	0.367879	0.367879	0.367879	0.367879	0.367879	0.367879	0.367879	0.367879	0.367879	0.367879	0.367879	0.367879	0.367879	0.414799	0.414799	0.414799	0.414799	0.414799	0.414799	0.414799	0.414799	0.414799	0.414799	0.414799	0.414799	0.414799	0.367879	0.367879	0.367879	0.367879	0.367879	0.367879	0.367879	0.367879	0.367879	0.367879	0.367879	0.367879	0.367879	0.367879	0.367879	0.367879	0.367879	0.367879	0.367879	0.367879	0.367879	0.367879	0.367879	0.367879	0.367879	0.367879	0.367879	0.367879	0.367879	0.367879	0.367879	0.367879	0.367879	
0.367879	0.367879	0.367879	0.367879	0.367879	0.367879	0.367879	0.367879	0.367879	0.367879	0.367879	0.367879	0.367879	0.367879	0.367879	0.367879	0.367879	0.367879	0.367879	0.367879	0.367879	0.367879	0.367879	0.367879	0.367879	0.367879	0.367879	0.367879	0.367879	0.367879	0.367879	0.367879	0.367879	0.367879	0.367879	0.367879	0.367879	0.367879	0.367879	0.367879	0.367879	0.367879	0.367879	0.367879	0.367879	0.367879	0.367879	0.367879	0.367879	0.367879	0.367879	0.367879	0.367879	0.367879	0.367879	0.367879	0.367879	0.367879	0.367879	0.367879	0.367879	0.367879	0.367879	
0.367879	0.367879	0.367879	0.367879	0.367879	0.367879	0.367879	0.367879	0.367879	0.367879	0.367879	0.367879	0.367879	0.367879	0.367879	0.367879	0.367879	0.367879	0.367879	0.367879	0.367879	0.367879	0.367879	0.367879	0.367879	0.367879	0.367879	0.367879	0.367879	0.367879	0.367879	0.367879	0.367879	0.367879	0.367879	0.367879	0.367879	0.367879	0.367879	0.367879	0.367879	0.367879	0.367879	0.367879	0.367879	0.367879	0.367879	0.367879	0.367879	0.367879	0.367879	0.367879	0.367879	0.367879	0.367879	0.367879	0.367879	0.367879	0.367879	0.367879	0.367879	0.367879	0.367879	
0.367879	0.367879	0.367879	0.367879	0.367879	0.367879	0.367879	0.367879	0.367879	0.367879	0.367879	0.367879	0.367879	0.367879	0.367879	0.367879	0.367879	0.367879	0.367879	0.367879	0.367879	0.367879	0.367879	0.367879	0.367879	0.367879	0.367879	0.367879	0.367879	0.367879	0.367879	0.367879	0.367879	0.367879	0.367879	0.367879	0.367879	0.367879	0.367879	0.367879	0.367879	0.367879	0.367879	0.367879	0.367879	0.367879	0.367879	0.367879	0.367879	0.367879	0.367879	0.367879	0.367879	0.367879	0.367879	0.367879	0.367879	0.367879	0.367879	0.367879	0.367879	0.367879	0.367879	
