0.367879	0.367879	0.367879	0.367879	0.367879	0.367879	0.367879	0.367879	0.367879	0.367879	0.367879	0.367879	0.367879	0.367879	0.367879	0.367879	0.367879	0.367879	0.367879	0.367879	0.367879	0.367879	0.367879	0.367879	0.367879	0.367879	0.367879	0.367879	0.367879	0.367879	0.367879	0.367879	0.367879	0.367879	0.367879	0.367879	0.367879	0.367879	0.367879	0.367879	0.367879	0.367879	0.367879	0.367879	0.367879	0.367879	0.367879	0.367879	0.367879	0.367879	0.367879	0.367879	0.367879	0.367879	0.367879	0.367879	0.367879	0.367879	0.367879	0.367879	0.367879	0.367879	0.367879	
0.367879	0.367879	0.367879	0.367879	0.367879	0.367879	0.367879	0.367879	0.367879	0.367879	0.367879	0.367879	0.367879	0.367879	0.367879	0.367879	0.367879	0.367879	0.367879	0.367879	0.367879	0.367879	0.367879	0.367879	0.367879	0.367879	0.367879	0.367879	0.367879	0.367879	0.367879	0.367879	0.367879	0.367879	0.367879	0.367879	0.367879	0.367879	0.367879	0.367879	0.367879	0.367879	0.367879	0.367879	0.367879	0.367879	0.367879	0.367879	0.367879	0.367879	0.367879	0.367879	0.367879	0.367879	0.367879	0.367879	0.367879	0.367879	0.367879	0.367879	0.367879	0.367879	0.367879	
0.418203	0.418203	0.418203	0.418203	0.418203	0.418203	0.418203	0.500765	0.500765	0.500765	0.500765	0.500765	0.500765	0.500765	0.500765	0.418203	0.418203	0.418203	0.418203	0.418203	0.418203	0.418203	0.418203	0.418203	0.418203	0.418203	0.418203	0.418203	0.418203	0.418203	0.418203	0.418203	0.418203	0.418203	0.418203	0.418203	0.418203	0.418203	0.418203	0.418203	0.418203	0.418203	0.418203	0.418203	0.418203	0.418203	0.418203	0.418203	0.418203	0.418203	0.418203	0.418203	0.418203	0.367879	0.367879	0.367879	0.367879	0.367879	0.367879	0.367879	0.367879	0.367879	0.367879	
0.418203	0.418203	0.418203	0.418203	0.418203	0.418203	0.418203	0.500765	0.500765	0.500765	0.500765	0.500765	0.500765	0.500765	0.500765	0.418203	0.418203	0.418203	0.418203	0.418203	0.418203	0.418203	0.418203	0.418203	0.418203	0.418203	0.418203	0.418203	0.418203	0.418203	0.418203	0.418203	0.418203	0.418203	0.418203	0.418203	0.418203	0.418203	0.418203	0.418203	0.418203	0.418203	0.418203	0.418203	0.418203	0.418203	0.418203	0.418203	0.418203	0.418203	0.418203	0.418203	0.418203	0.367879	0.367879	0.367879	0.367879	0.367879	0.367879	0.367879	0.367879	0.367879	0.367879	
0.418203	0.418203	0.418203	0.418203	0.418203	0.418203	0.418203	0.500765	0.500765	0.500765	0.500765	0.500765	0.500765	0.500765	0.500765	0.418203	0.418203	0.418203	0.418203	0.418203	0.418203	0.418203	0.418203	0.418203	0.418203	0.418203	0.418203	0.418203	0.418203	0.418203	0.418203	0.418203	0.418203	0.418203	0.418203	0.418203	0.418203	0.418203	0.418203	0.418203	0.418203	0.418203	0.418203	0.418203	0.418203	0.418203	0.418203	0.418203	0.418203	0.418203	0.418203	0.418203	0.418203	0.367879	0.367879	0.367879	0.367879	0.367879	0.367879	0.367879	0.367879	0.367879	0.367879	
0.449749	0.449749	0.449749	0.449749	0.449749	0.449749	0.449749	0.538539	0.538539	0.538539	0.538539	0.538539	0.538539	0.538539	0.538539	0.449749	0.449749	0.449749	0.449749	0.449749	0.449749	0.449749	0.449749	0.449749	0.449749	0.449749	0.449749	0.449749	0.449749	0.449749	0.449749	0.449749	0.449749	0.449749	0.449749	0.449749	0.449749	0.449749	0.449749	0.449749	0.449749	0.449749	0.449749	0.449749	0.561659	0.561659	0.561659	0.561659	0.561659	0.561659	0.561659	0.449749	0.449749	0.367879	0.367879	0.367879	0.367879	0.367879	0.367879	0.367879	0.367879	0.367879	0.367879	
0.449749	0.449749	0.449749	0.449749	0.449749	0.449749	0.449749	0.538539	0.538539	0.538539	0.538539	0.538539	0.538539	0.538539	0.538539	0.449749	0.449749	0.449749	0.449749	0.449749	0.449749	0.449749	0.449749	0.449749	0.449749	0.449749	0.449749	0.449749	0.449749	0.449749	0.449749	0.449749	0.449749	0.449749	0.449749	0.449749	0.449749	0.449749	0.449749	0.449749	0.449749	0.449749	0.449749	0.449749	0.561659	0.561659	0.561659	0.561659	0.561659	0.561659	0.561659	0.449749	0.449749	0.367879	0.367879	0.367879	0.367879	0.367879	0.367879	0.367879	0.367879	0.367879	0.367879	
0.449749	0.449749	0.449749	0.449749	0.449749	0.449749	0.449749	0.538539	0.538539	0.538539	0.538539	0.538539	0.538539	0.538539	0.538539	0.449749	0.449749	0.449749	0.449749	0.449749	0.449749	0.449749	0.449749	0.449749	0.449749	0.449749	0.449749	0.449749	0.449749	0.449749	0.449749	0.449749	0.449749	0.449749	0.449749	0.449749	0.449749	0.449749	0.449749	0.449749	0.449749	0.449749	0.449749	0.449749	0.561659	0.561659	0.561659	0.561659	0.561659	0.561659	0.561659	0.449749	0.449749	0.367879	0.367879	0.367879	0.367879	0.367879	0.367879	0.367879	0.367879	0.367879	0.367879	
0.449749	0.449749	0.449749	0.449749	0.449749	0.449749	0.449749	0.538539	0.538539	0.538539	0.538539	0.538539	0.538539	0.538539	0.538539	0.449749	0.449749	0.449749	0.449749	0.449749	0.449749	0.449749	0.449749	0.449749	0.449749	0.449749	0.449749	0.449749	0.449749	0.449749	0.449749	0.449749	0.449749	0.449749	0.449749	0.449749	0.449749	0.449749	0.449749	0.449749	0.449749	0.449749	0.449749	0.449749	0.561659	0.561659	0.561659	0.561659	0.561659	0.561659	0.561659	0.449749	0.449749	0.367879	0.367879	0.367879	0.367879	0.367879	0.367879	0.367879	0.367879	0.367879	0.367879	
0.449749	0.449749	0.449749	0.449749	0.449749	0.449749	0.449749	0.538539	0.538539	0.538539	0.538539	0.538539	0.538539	0.538539	0.538539	0.449749	0.449749	0.449749	0.449749	0.449749	0.449749	0.449749	0.449749	0.449749	0.449749	0.449749	0.449749	0.449749	0.449749	0.449749	0.449749	0.449749	0.449749	0.449749	0.449749	0.449749	0.449749	0.449749	0.449749	0.449749	0.449749	0.449749	0.449749	0.449749	0.561659	0.561659	0.561659	0.561659	0.561659	0.561659	0.561659	0.449749	0.449749	0.367879	0.367879	0.367879	0.367879	0.367879	0.367879	0.367879	0.367879	0.367879	0.367879	
0.449749	0.449749	0.449749	0.449749	0.449749	0.449749	0.449749	0.538539	0.538539	0.538539	0.538539	0.538539	0.538539	0.538539	0.538539	0.449749	0.449749	0.449749	0.449749	0.449749	0.449749	0.449749	0.449749	0.449749	0.449749	0.449749	0.449749	0.449749	0.449749	0.449749	0.449749	0.449749	0.449749	0.449749	0.449749	0.449749	0.449749	0.449749	0.449749	0.449749	0.449749	0.449749	0.449749	0.449749	0.561659	0.561659	0.561659	0.561659	0.561659	0.561659	0.561659	0.449749	0.449749	0.367879	0.367879	0.367879	0.367879	0.367879	0.367879	0.367879	0.367879	0.367879	0.367879	
0.449749	0.449749	0.449749	0.449749	0.449749	0.449749	0.449749	0.538539	0.538539	0.538539	0.538539	0.538539	0.538539	0.538539	0.538539	0.449749	0.449749	0.449749	0.449749	0.449749	0.449749	0.449749	0.449749	0.449749	0.449749	0.449749	0.449749	0.449749	0.449749	0.449749	0.449749	0.449749	0.449749	0.449749	0.449749	0.449749	0.449749	0.449749	0.449749	0.449749	0.449749	0.449749	0.449749	0.449749	0.561659	0.561659	0.561659	0.561659	0.561659	0.561659	0.561659	0.449749	0.449749	0.367879	0.367879	0.367879	0.367879	0.367879	0.367879	0.367879	0.367879	0.367879	0.367879	
0.449749	0.449749	0.449749	0.449749	0.449749	0.449749	0.449749	0.538539	0.538539	0.538539	0.538539	0.538539	0.538539	0.538539	0.538539	0.449749	0.449749	0.449749	0.449749	0.449749	0.449749	0.449749	0.449749	0.449749	0.449749	0.449749	0.449749	0.449749	0.449749	0.449749	0.449749	0.449749	0.449749	0.449749	0.449749	0.449749	0.449749	0.449749	0.449749	0.449749	0.449749	0.449749	0.449749	0.449749	0.561659	0.561659	0.561659	0.561659	0.561659	0.561659	0.561659	0.449749	0.449749	0.367879	0.367879	0.367879	0.367879	0.367879	0.367879	0.367879	0.367879	0.367879	0.367879	
0.449749	0.449749	0.449749	0.449749	0.449749	0.449749	0.449749	0.538539	0.538539	0.538539	0.538539	0.538539	0.538539	0.538539	0.538539	0.449749	0.449749	0.449749	0.449749	0.449749	0.449749	0.449749	0.449749	0.449749	0.449749	0.449749	0.449749	0.449749	0.449749	0.449749	0.449749	0.449749	0.449749	0.449749	0.449749	0.449749	0.449749	0.449749	0.449749	0.449749	0.449749	0.449749	0.449749	0.449749	0.561659	0.561659	0.561659	0.561659	0.561659	0.561659	0.561659	0.449749	0.449749	0.367879	0.367879	0.367879	0.367879	0.367879	0.367879	0.367879	0.367879	0.367879	0.367879	
0.449749	0.449749	0.449749	0.449749	0.449749	0.449749	0.449749	0.538539	0.538539	0.538539	0.538539	0.538539	0.538539	0.538539	0.538539	0.449749	0.449749	0.449749	0.449749	0.449749	0.449749	0.449749	0.449749	0.449749	0.449749	0.449749	0.449749	0.449749	0.449749	0.449749	0.449749	0.449749	0.449749	0.449749	0.449749	0.449749	0.449749	0.449749	0.449749	0.449749	0.449749	0.449749	0.449749	0.449749	0.561659	0.561659	0.561659	0.561659	0.561659	0.561659	0.561659	0.449749	0.449749	0.367879	0.367879	0.367879	0.367879	0.367879	0.367879	0.367879	0.367879	0.367879	0.367879	
0.449749	0.449749	0.449749	0.449749	0.449749	0.449749	0.449749	0.538539	0.538539	0.538539	0.538539	0.538539	0.538539	0.538539	0.538539	0.449749	0.449749	0.449749	0.449749	0.449749	0.449749	0.449749	0.449749	0.449749	0.449749	0.449749	0.449749	0.449749	0.449749	0.449749	0.449749	0.449749	0.449749	0.449749	0.449749	0.449749	0.449749	0.449749	0.449749	0.449749	0.449749	0.449749	1.73921	1.73921	0.561659	0.561659	0.561659	0.561659	0.561659	0.561659	0.561659	0.449749	0.449749	0.367879	0.367879	0.367879	0.367879	0.367879	0.367879	0.367879	0.367879	0.367879	0.367879	
0.449749	0.449749	0.449749	0.449749	0.449749	0.449749	0.449749	0.538539	0.572512	0.572512	0.572512	0.572512	0.572512	0.572512	0.572512	0.478121	0.478121	0.478121	0.478121	0.478121	0.478121	0.478121	0.478121	0.478121	0.478121	0.478121	0.478121	0.478121	0.478121	0.478121	0.478121	0.478121	0.478121	0.478121	0.478121	0.478121	0.478121	0.478121	0.478121	0.478121	1.33457	1.33457	5.16085	1.84892	0.561659	0.561659	0.561659	0.561659	0.561659	0.561659	0.561659	0.449749	0.449749	0.367879	0.367879	0.367879	0.367879	0.367879	0.367879	0.367879	0.367879	0.367879	0.367879	
0.531221	0.531221	0.531221	0.531221	0.531221	0.531221	0.531221	0.636095	0.676222	0.676222	0.676222	0.676222	0.676222	0.676222	0.676222	0.564732	0.564732	0.564732	0.564732	0.564732	0.564732	0.564732	0.564732	0.564732	0.564732	0.564732	0.564732	0.564732	0.564732	0.564732	0.564732	0.564732	0.564732	0.564732	0.564732	0.564732	0.564732	0.564732	0.564732	0.564732	1.57632	1.57632	6.09573	1.84892	0.561659	0.561659	0.561659	0.561659	0.561659	0.561659	0.561659	0.449749	0.449749	0.367879	0.367879	0.367879	0.367879	0.367879	0.367879	0.367879	0.367879	0.367879	0.367879	
0.631823	0.631823	0.631823	0.631823	0.631823	0.631823	0.631823	0.756558	0.804284	0.804284	0.804284	0.804284	0.804284	0.804284	0.804284	0.67168	0.67168	0.67168	0.67168	0.67168	0.67168	0.67168	0.67168	0.67168	0.67168	0.67168	0.67168	0.67168	0.67168	0.67168	0.67168	0.67168	0.67168	0.67168	0.67168	0.67168	0.67168	0.67168	0.67168	0.67168	1.57632	1.57632	1.57632	0.478121	0.561659	0.561659	0.561659	0.561659	0.561659	0.561659	0.561659	0.449749	0.449749	0.367879	0.367879	0.367879	0.367879	0.367879	0.367879	0.367879	0.367879	0.367879	0.367879	
0.631823	0.631823	0.631823	0.631823	0.631823	0.631823	0.631823	0.756558	0.804284	0.804284	0.804284	0.804284	0.804284	0.804284	0.804284	0.67168	0.67168	0.67168	0.67168	0.67168	0.67168	0.67168	0.67168	0.67168	0.67168	0.67168	0.67168	0.67168	0.67168	0.67168	0.67168	0.67168	0.67168	0.67168	0.67168	0.67168	0.67168	0.67168	0.67168	0.67168	0.564732	0.564732	0.564732	0.478121	0.561659	0.561659	0.561659	0.561659	0.561659	0.561659	0.561659	0.449749	0.449749	0.367879	0.367879	0.367879	0.367879	0.367879	0.367879	0.367879	0.367879	0.367879	0.367879	
0.631823	0.631823	0.631823	0.631823	0.631823	0.631823	0.631823	0.756558	0.804284	0.804284	0.804284	0.804284	0.804284	0.804284	0.804284	0.67168	0.67168	0.67168	0.67168	0.67168	0.67168	0.67168	0.67168	0.67168	0.67168	0.67168	0.67168	0.67168	0.67168	0.67168	0.67168	0.67168	0.67168	0.67168	0.67168	0.67168	0.67168	0.67168	0.67168	0.67168	0.564732	0.564732	0.564732	0.478121	0.449749	0.449749	0.449749	0.449749	0.449749	0.449749	0.449749	0.449749	0.449749	0.367879	0.367879	0.367879	0.367879	0.367879	0.367879	0.367879	0.367879	0.367879	0.367879	
0.631823	0.631823	0.631823	0.631823	0.631823	0.631823	0.631823	0.756558	0.804284	0.804284	0.804284	0.804284	0.804284	0.804284	0.804284	0.67168	0.67168	0.67168	0.67168	0.722681	0.722681	0.722681	0.722681	0.722681	0.722681	0.722681	0.722681	0.722681	0.722681	0.722681	0.722681	0.722681	0.722681	0.722681	0.722681	0.722681	0.722681	0.722681	0.722681	0.722681	0.607612	0.607612	0.607612	0.514425	0.483899	0.483899	0.483899	0.483899	0.483899	0.483899	0.483899	0.483899	0.483899	0.395812	0.395812	0.395812	0.395812	0.367879	0.367879	0.367879	0.367879	0.367879	0.367879	
0.631823	0.631823	0.631823	0.631823	0.631823	0.631823	0.631823	0.756558	0.804284	0.804284	0.804284	0.804284	0.804284	0.804284	0.804284	0.67168	0.67168	0.67168	0.67168	0.722681	0.722681	0.722681	0.722681	0.722681	0.722681	0.722681	0.722681	0.722681	0.722681	0.722681	0.722681	0.722681	0.722681	0.722681	0.722681	0.722681	0.722681	0.722681	0.722681	0.722681	0.607612	0.607612	0.607612	0.514425	0.483899	0.483899	0.483899	0.483899	0.483899	0.483899	0.483899	0.483899	0.483899	0.395812	0.395812	0.395812	0.395812	0.367879	0.367879	0.367879	0.367879	0.367879	0.367879	
0.631823	0.631823	0.631823	0.631823	0.631823	0.631823	0.631823	0.756558	0.804284	0.804284	0.804284	0.804284	0.804284	0.804284	0.804284	0.67168	0.67168	0.67168	0.67168	0.722681	0.722681	0.722681	0.722681	0.722681	0.722681	0.722681	0.722681	0.722681	0.722681	0.722681	0.722681	0.722681	0.722681	0.722681	0.722681	0.722681	0.722681	0.722681	0.722681	0.722681	0.607612	0.607612	0.607612	0.514425	0.483899	0.483899	0.483899	0.483899	0.483899	0.483899	0.483899	0.483899	0.483899	0.395812	0.395812	0.395812	0.395812	0.367879	0.367879	0.367879	0.367879	0.367879	0.367879	
0.549172	0.549172	0.549172	0.549172	0.549172	0.549172	0.549172	0.65759	0.699073	0.699073	0.699073	0.699073	0.699073	0.699073	0.699073	0.583816	0.583816	0.583816	0.583816	0.628145	0.628145	0.628145	0.628145	0.628145	0.628145	0.628145	0.628145	0.628145	0.628145	0.628145	0.628145	0.628145	0.628145	0.628145	0.628145	0.628145	0.628145	0.628145	0.628145	0.628145	0.528129	0.528129	0.528129	0.447131	0.420598	0.420598	0.420598	0.420598	0.420598	0.420598	0.420598	0.420598	0.420598	0.395812	0.395812	0.395812	0.395812	0.367879	0.367879	0.367879	0.367879	0.367879	0.367879	
0.464947	0.464947	0.464947	0.464947	0.464947	0.464947	0.464947	0.556738	0.591858	0.591858	0.591858	0.591858	0.591858	0.591858	0.591858	0.494278	0.494278	0.494278	0.494278	0.531808	0.531808	0.531808	0.531808	0.531808	0.531808	0.531808	0.531808	0.531808	0.531808	0.531808	0.531808	0.531808	0.531808	0.531808	0.531808	0.531808	0.531808	0.531808	0.531808	0.531808	0.447131	0.447131	0.447131	0.447131	0.420598	0.420598	0.420598	0.420598	0.420598	0.420598	0.420598	0.420598	0.420598	0.395812	0.395812	0.395812	0.395812	0.367879	0.367879	0.367879	0.367879	0.367879	0.367879	
0.390916	0.390916	0.390916	0.390916	0.390916	0.390916	0.390916	0.468091	0.49762	0.49762	0.49762	0.49762	0.49762	0.49762	0.49762	0.415577	0.415577	0.415577	0.415577	0.447131	0.447131	0.447131	0.447131	0.447131	0.447131	0.447131	0.447131	0.447131	0.447131	0.447131	0.447131	0.447131	0.447131	0.447131	0.447131	0.447131	0.447131	0.447131	0.447131	0.447131	0.447131	0.447131	0.447131	0.447131	0.420598	0.420598	0.420598	0.420598	0.420598	0.420598	0.420598	0.420598	0.420598	0.395812	0.395812	0.395812	0.395812	0.367879	0.367879	0.367879	0.367879	0.367879	0.367879	
0.40109	0.40109	0.40109	0.40109	0.40109	0.40109	0.40109	0.480274	0.510571	0.510571	0.510571	0.510571	0.510571	0.510571	0.510571	0.426392	0.426392	0.426392	0.426392	0.458768	0.458768	0.458768	0.458768	0.458768	0.458768	0.458768	0.458768	0.458768	0.458768	0.458768	0.458768	0.458768	0.458768	0.458768	0.458768	0.458768	0.458768	0.458768	0.458768	0.458768	0.458768	0.458768	0.458768	0.420782	0.395812	0.395812	0.395812	0.395812	0.395812	0.395812	0.395812	0.395812	0.395812	0.395812	0.395812	0.395812	0.395812	0.367879	0.367879	0.367879	0.367879	0.367879	0.367879	
0.482088	0.482088	0.482088	0.482088	0.482088	0.482088	0.482088	0.577262	0.613678	0.613678	0.613678	0.613678	0.613678	0.613678	0.613678	0.512499	0.512499	0.512499	0.512499	0.551413	0.551413	0.551413	0.551413	0.551413	0.551413	0.551413	0.551413	0.551413	0.551413	0.551413	0.551413	0.551413	0.551413	0.551413	0.551413	0.551413	0.551413	0.551413	0.501975	0.501975	0.458768	0.458768	0.458768	0.420782	0.395812	0.395812	0.395812	0.395812	0.395812	0.395812	0.395812	0.395812	0.395812	0.395812	0.395812	0.395812	0.395812	0.367879	0.367879	0.367879	0.367879	0.367879	0.367879	
0.531742	0.531742	0.531742	0.531742	0.531742	0.531742	0.531742	0.636719	0.676885	0.676885	0.676885	0.676885	0.676885	0.676885	0.676885	0.565286	0.565286	0.565286	0.565286	0.608208	0.608208	0.608208	0.608208	0.608208	0.608208	0.608208	0.608208	0.608208	0.608208	0.608208	0.608208	0.608208	0.608208	0.608208	0.608208	0.551413	0.551413	0.551413	0.501975	0.501975	0.458768	0.458768	0.458768	0.420782	0.395812	0.395812	0.395812	0.395812	0.395812	0.395812	0.395812	0.395812	0.395812	0.395812	0.395812	0.395812	0.395812	0.367879	0.367879	0.367879	0.367879	0.367879	0.367879	
0.531742	0.531742	0.531742	0.531742	0.531742	0.531742	0.531742	0.636719	0.676885	0.676885	0.676885	0.676885	0.676885	0.676885	0.676885	0.565286	0.565286	0.565286	0.565286	0.608208	0.608208	0.608208	0.608208	0.608208	0.608208	0.608208	0.608208	0.608208	0.608208	0.608208	0.608208	0.608208	0.608208	0.608208	0.608208	0.551413	0.551413	0.551413	0.501975	0.501975	0.458768	0.458768	0.458768	0.420782	0.395812	0.395812	0.395812	0.395812	0.395812	0.395812	0.395812	0.395812	0.395812	0.395812	0.395812	0.395812	0.395812	0.367879	0.367879	0.367879	0.367879	0.367879	0.367879	
0.531742	0.531742	0.531742	0.531742	0.531742	0.531742	0.531742	0.531742	0.565286	0.565286	0.565286	0.565286	0.565286	0.565286	0.565286	0.565286	0.565286	0.565286	0.565286	0.608208	0.608208	0.608208	0.608208	0.608208	0.608208	0.608208	0.608208	0.608208	0.608208	0.608208	0.608208	0.608208	0.608208	0.608208	0.608208	0.551413	0.551413	0.551413	0.501975	0.501975	0.458768	0.458768	0.458768	0.420782	0.395812	0.395812	0.395812	0.395812	0.395812	0.395812	0.395812	0.395812	0.395812	0.395812	0.395812	0.395812	0.395812	0.367879	0.367879	0.367879	0.367879	0.367879	0.367879	
0.531742	0.531742	0.531742	0.531742	0.531742	0.531742	0.531742	0.531742	0.565286	0.565286	0.565286	0.565286	0.565286	0.565286	0.565286	0.565286	0.565286	0.565286	0.565286	0.608208	0.608208	0.608208	0.608208	0.608208	0.608208	0.608208	0.608208	0.608208	0.608208	0.608208	0.608208	0.608208	0.608208	0.608208	0.608208	0.551413	0.551413	0.551413	0.501975	0.501975	0.458768	0.458768	0.458768	0.420782	0.395812	0.395812	0.395812	0.395812	0.395812	0.395812	0.395812	0.395812	0.395812	0.395812	0.395812	0.395812	0.395812	0.367879	0.367879	0.367879	0.367879	0.367879	0.367879	
0.531742	0.531742	0.531742	0.531742	0.531742	0.531742	0.531742	0.531742	0.565286	0.565286	0.565286	0.565286	0.565286	0.565286	0.565286	0.565286	0.565286	0.565286	0.565286	0.608208	0.608208	0.608208	0.608208	0.608208	0.608208	0.608208	0.608208	0.608208	0.608208	0.608208	0.608208	0.608208	0.608208	0.608208	0.608208	0.551413	0.551413	0.551413	0.501975	0.501975	0.458768	0.458768	0.458768	0.420782	0.395812	0.395812	0.395812	0.395812	0.395812	0.395812	0.395812	0.395812	0.395812	0.395812	0.395812	0.395812	0.395812	0.367879	0.367879	0.367879	0.367879	0.367879	0.367879	
0.531742	0.531742	0.531742	0.531742	0.531742	0.531742	0.531742	0.531742	0.565286	0.565286	0.565286	0.565286	0.565286	0.565286	0.565286	0.565286	0.565286	0.565286	0.565286	0.608208	0.608208	0.608208	0.608208	0.608208	0.608208	0.608208	0.608208	0.608208	0.608208	0.608208	0.608208	0.608208	0.608208	0.608208	0.608208	0.551413	0.551413	0.551413	0.501975	0.501975	0.458768	0.458768	0.458768	0.420782	0.395812	0.395812	0.395812	0.395812	0.395812	0.395812	0.395812	0.395812	0.395812	0.395812	0.395812	0.395812	0.395812	0.367879	0.367879	0.367879	0.367879	0.367879	0.367879	
0.531742	0.531742	0.531742	0.531742	0.531742	0.531742	0.531742	0.531742	0.565286	0.565286	0.565286	0.565286	0.565286	0.565286	0.565286	0.565286	0.565286	0.565286	0.565286	0.608208	0.608208	0.608208	0.608208	0.608208	0.608208	0.608208	0.608208	0.608208	0.608208	0.608208	0.608208	0.608208	0.608208	0.608208	0.608208	0.551413	0.551413	0.551413	0.501975	0.501975	0.458768	0.458768	0.458768	0.420782	0.395812	0.395812	0.395812	0.395812	0.395812	0.395812	0.395812	0.395812	0.395812	0.395812	0.395812	0.395812	0.395812	0.367879	0.367879	0.367879	0.367879	0.367879	0.367879	
0.531742	0.531742	0.531742	0.531742	0.531742	0.531742	0.531742	0.531742	0.565286	0.565286	0.565286	0.565286	0.565286	0.565286	0.565286	0.565286	0.565286	0.565286	0.565286	0.608208	0.608208	0.608208	0.608208	0.608208	0.608208	0.608208	0.608208	0.608208	0.608208	0.608208	0.608208	0.608208	0.608208	0.608208	0.608208	0.551413	0.551413	0.551413	0.501975	0.501975	0.458768	0.458768	0.458768	0.420782	0.395812	0.395812	0.395812	0.395812	0.395812	0.395812	0.395812	0.395812	0.395812	0.395812	0.395812	0.395812	0.395812	0.367879	0.367879	0.367879	0.367879	0.367879	0.367879	
0.531742	0.531742	0.531742	0.531742	0.531742	0.531742	0.531742	0.531742	0.565286	0.565286	0.565286	0.565286	0.565286	0.565286	0.565286	0.565286	0.565286	0.565286	0.565286	0.608208	0.608208	0.608208	0.608208	0.608208	0.608208	0.608208	0.608208	0.608208	0.608208	0.608208	0.608208	0.608208	0.608208	0.608208	0.608208	0.551413	0.551413	0.551413	0.501975	0.501975	0.458768	0.458768	0.458768	0.420782	0.395812	0.395812	0.395812	0.395812	0.395812	0.395812	0.395812	0.395812	0.395812	0.395812	0.395812	0.395812	0.395812	0.367879	0.367879	0.367879	0.367879	0.367879	0.367879	
0.531742	0.531742	0.531742	0.531742	0.531742	0.531742	0.531742	0.531742	0.565286	0.565286	0.565286	0.565286	0.565286	0.565286	0.565286	0.565286	0.565286	0.565286	0.565286	0.608208	0.608208	0.608208	0.608208	0.608208	0.608208	0.608208	0.608208	0.608208	0.608208	0.608208	0.608208	0.608208	0.608208	0.608208	0.608208	0.551413	0.551413	0.551413	0.501975	0.501975	0.458768	0.458768	0.458768	0.420782	0.395812	0.395812	0.395812	0.395812	0.395812	0.395812	0.395812	0.395812	0.395812	0.395812	0.395812	0.395812	0.395812	0.367879	0.367879	0.367879	0.367879	0.367879	0.367879	
0.531742	0.531742	0.531742	0.531742	0.531742	0.531742	0.531742	0.531742	0.565286	0.565286	0.565286	0.565286	0.565286	0.565286	0.565286	0.565286	0.565286	0.565286	0.565286	0.608208	0.608208	0.608208	0.608208	0.608208	0.608208	0.608208	0.608208	0.608208	0.608208	0.608208	0.608208	0.608208	0.608208	0.608208	0.608208	0.551413	0.551413	0.551413	0.501975	0.501975	0.458768	0.458768	0.458768	0.420782	0.395812	0.395812	0.395812	0.395812	0.395812	0.395812	0.395812	0.395812	0.395812	0.395812	0.395812	0.395812	0.395812	0.367879	0.367879	0.367879	0.367879	0.367879	0.367879	
0.531742	0.531742	0.531742	0.531742	0.531742	0.531742	0.531742	0.531742	0.565286	0.565286	0.565286	0.565286	0.565286	0.565286	0.565286	0.565286	0.565286	0.565286	0.565286	0.608208	0.608208	0.608208	0.608208	0.608208	0.608208	0.608208	0.608208	0.608208	0.608208	0.608208	0.608208	0.608208	0.608208	0.608208	0.608208	0.551413	0.551413	0.551413	0.501975	0.501975	0.458768	0.458768	0.458768	0.420782	0.395812	0.395812	0.395812	0.395812	0.395812	0.395812	0.395812	0.395812	0.395812	0.395812	0.395812	0.395812	0.395812	0.367879	0.367879	0.367879	0.367879	0.367879	0.367879	
0.531742	0.531742	0.531742	0.531742	0.531742	0.531742	0.531742	0.531742	0.565286	0.565286	0.565286	0.565286	0.565286	0.565286	0.565286	0.565286	0.565286	0.565286	0.565286	0.608208	0.608208	0.608208	0.608208	0.608208	0.608208	0.608208	0.608208	0.608208	0.608208	0.608208	0.608208	0.608208	0.608208	0.608208	0.608208	0.551413	0.551413	0.551413	0.501975	0.501975	0.458768	0.458768	0.458768	0.420782	0.395812	0.395812	0.395812	0.395812	0.395812	0.395812	0.395812	0.395812	0.395812	0.395812	0.395812	0.395812	0.395812	0.367879	0.367879	0.367879	0.367879	0.367879	0.367879	
0.531742	0.531742	0.531742	0.531742	0.531742	0.531742	0.531742	0.531742	0.565286	0.565286	0.565286	0.565286	0.565286	0.565286	0.565286	0.565286	0.565286	0.565286	0.565286	0.608208	0.608208	0.608208	0.608208	0.608208	0.608208	0.608208	0.608208	0.608208	0.608208	0.608208	0.608208	0.608208	0.608208	0.608208	0.608208	0.551413	0.551413	0.551413	0.501975	0.501975	0.458768	0.458768	0.458768	0.420782	0.395812	0.395812	0.395812	0.395812	0.395812	0.395812	0.395812	0.395812	0.395812	0.395812	0.395812	0.395812	0.395812	0.367879	0.367879	0.367879	0.367879	0.367879	0.367879	
0.531742	0.531742	0.531742	0.531742	0.531742	0.531742	0.531742	0.531742	0.565286	0.565286	0.565286	0.565286	0.565286	0.565286	0.565286	0.565286	0.565286	0.565286	0.565286	0.608208	0.608208	0.608208	0.608208	0.608208	0.608208	0.608208	0.608208	0.608208	0.608208	0.608208	0.608208	0.608208	0.608208	0.608208	0.608208	0.551413	0.551413	0.551413	0.501975	0.501975	0.458768	0.458768	0.458768	0.420782	0.395812	0.395812	0.395812	0.395812	0.395812	0.395812	0.395812	0.395812	0.395812	0.395812	0.395812	0.395812	0.395812	0.367879	0.367879	0.367879	0.367879	0.367879	0.367879	
0.367879	0.367879	0.367879	0.367879	0.367879	0.367879	0.367879	0.367879	0.391087	0.391087	0.391087	0.391087	0.391087	0.391087	0.391087	0.391087	0.391087	0.391087	0.391087	0.391087	0.391087	0.391087	0.391087	0.391087	0.391087	0.391087	0.391087	0.391087	0.391087	0.391087	0.391087	0.391087	0.391087	0.391087	0.391087	0.391087	0.391087	0.391087	0.391087	0.391087	0.391087	0.391087	0.391087	0.391087	0.367879	0.367879	0.367879	0.367879	0.367879	0.367879	0.367879	0.367879	0.367879	0.367879	0.367879	0.367879	0.367879	0.367879	0.367879	0.367879	0.367879	0.367879	0.367879	
0.367879	0.367879	0.367879	0.367879	0.367879	0.367879	0.367879	0.367879	0.391087	0.391087	0.391087	0.391087	0.391087	0.391087	0.391087	0.391087	0.391087	0.391087	0.391087	0.391087	0.391087	0.391087	0.391087	0.391087	0.391087	0.391087	0.391087	0.391087	0.391087	0.391087	0.391087	0.391087	0.391087	0.391087	0.391087	0.391087	0.391087	0.391087	0.391087	0.391087	0.391087	0.391087	0.391087	0.391087	0.367879	0.367879	0.367879	0.367879	0.367879	0.367879	0.367879	0.367879	0.367879	0.367879	0.367879	0.367879	0.367879	0.367879	0.367879	0.367879	0.367879	0.367879	0.367879	
0.367879	0.367879	0.367879	0.367879	0.367879	0.367879	0.367879	0.367879	0.391087	0.391087	0.391087	0.391087	0.391087	0.391087	0.391087	0.391087	0.391087	0.391087	0.391087	0.391087	0.391087	0.391087	0.391087	0.391087	0.391087	0.391087	0.391087	0.391087	0.391087	0.391087	0.391087	0.391087	0.391087	0.391087	0.391087	0.391087	0.391087	0.391087	0.391087	0.391087	0.391087	0.391087	0.391087	0.391087	0.367879	0.367879	0.367879	0.367879	0.367879	0.367879	0.367879	0.367879	0.367879	0.367879	0.367879	0.367879	0.367879	0.367879	0.367879	0.367879	0.367879	0.367879	0.367879	
0.367879	0.367879	0.367879	0.367879	0.367879	0.367879	0.367879	0.367879	0.391087	0.391087	0.391087	0.391087	0.391087	0.391087	0.391087	0.391087	0.391087	0.391087	0.391087	0.391087	0.391087	0.391087	0.391087	0.391087	0.391087	0.391087	0.391087	0.391087	0.391087	0.391087	0.391087	0.391087	0.391087	0.391087	0.391087	0.391087	0.391087	0.391087	0.391087	0.391087	0.391087	0.391087	0.391087	0.391087	0.367879	0.367879	0.367879	0.367879	0.367879	0.367879	0.367879	0.367879	0.367879	0.367879	0.367879	0.367879	0.367879	0.367879	0.367879	0.367879	0.367879	0.367879	0.367879	
0.367879	0.367879	0.367879	0.367879	0.367879	0.367879	0.367879	0.367879	0.367879	0.367879	0.367879	0.367879	0.367879	0.367879	0.367879	0.367879	0.367879	0.367879	0.367879	0.367879	0.367879	0.367879	0.367879	0.367879	0.367879	0.367879	0.367879	0.367879	0.367879	0.367879	0.367879	0.367879	0.367879	0.367879	0.367879	0.367879	0.367879	0.367879	0.367879	0.367879	0.367879	0.367879	0.367879	0.367879	0.367879	0.367879	0.367879	0.367879	0.367879	0.367879	0.367879	0.367879	0.367879	0.367879	0.367879	0.367879	0.367879	0.367879	0.367879	0.367879	0.367879	0.367879	0.367879	
